Vol - 12
12
1456000740000 1456015140000
1456022340000 1456040340000
1456047540000 1456069140000
1456076340000 1456079940000
1456083540000 1456094340000
1456101540000 1456119540000
1456126740000 1456130340000
1456133940000 1456148340000
1456155540000 1456159140000
1456166340000 1456177140000
1456180740000 1456202340000
1456209540000 1456220340000
1456223940000 1456234740000
1456238340000 1456259940000
1456263540000 1456267140000
1456274340000 1456288740000
1456292340000 1456303140000
1456306740000 1456317540000
1456321140000 1456335540000
1456339140000 1456357140000
1456364340000 1456367940000
1456371540000 1456382340000
1456389540000 1456396740000
1456403940000 1456411140000
1456414740000 1456421940000
1456436340000 1456476000000
