Vol - 14
14
1456000797014 1456007997014
1456015197014 1456029597014
1456033197014 1456054797014
1456061997014 1456079997014
1456087197014 1456097997014
1456105197014 1456119597014
1456126797014 1456141197014
1456148397014 1456151997014
1456159197014 1456169997014
1456177197014 1456180797014
1456184397014 1456202397014
1456205997014 1456227597014
1456231197014 1456234797014
1456241997014 1456245597014
1456249197014 1456267197014
1456274397014 1456285197014
1456288797014 1456310397014
1456313997014 1456321197014
1456324797014 1456346397014
1456349997014 1456367997014
1456371597014 1456375197014
