Vol - 20
20
1455997197014 1456000797014
1456004397014 1456015197014
1456018797014 1456022397014
1456025997014 1456036797014
1456040397014 1456061997014
1456069197014 1456083597014
1456090797014 1456097997014
1456101597014 1456105197014
1456112397014 1456119597014
1456123197014 1456141197014
1456148397014 1456155597014
1456162797014 1456169997014
1456173597014 1456195197014
1456202397014 1456213197014
1456216797014 1456238397014
1456241997014 1456249197014
1456252797014 1456274397014
1456281597014 1456299597014
1456306797014 1456328397014
1456335597014 1456342797014
1456346397014 1456367997014
1456375197014 1456393197014
1456400397014 1456411197014
