Vol - 23
23
1456000797014 1456015197014
1456018797014 1456040397014
1456043997014 1456061997014
1456065597014 1456076397014
1456083597014 1456090797014
1456094397014 1456108797014
1456112397014 1456133997014
1456137597014 1456151997014
1456155597014 1456177197014
1456180797014 1456187997014
1456195197014 1456205997014
1456209597014 1456223997014
1456227597014 1456231197014
1456234797014 1456245597014
1456249197014 1456270797014
1456274397014 1456277997014
1456285197014 1456292397014
1456295997014 1456306797014
1456310397014 1456331997014
1456339197014 1456360797014
1456367997014 1456389597014
1456396797014 1456407597014
1456414797014 1456418397014
1456421997014 1456443597014
1456450797014 1456468797014
1456472397014 1456475997014
1456483197014 1456486797014
1456493997014 1456497597014
1456501197014 1456522797014
1456526397014 1456533597014
1456537197014 1456555197014
1456562397014 1456583997014
1456591197014 1456601997014
1456609197014 1456619997014
1456623597014 1456641597014
1456648797014 1456663197014
1456670397014 1456681197014
1456684797014 1456688397014
1456691997014 1456706397014
1456713597014 1456735197014
1456738797014 1456745997014
1456749597014 1456771197014
1456774797014 1456792797014
1456796397014 1456803597014
1456807197014 1456817997014
1456821597014 1456832397014
1456839597014 1456853997014
1456857597014 1456868397014
1456871997014 1456886397014
1456893597014 1456904397014
1456907997014 1456915197014
1456922397014 1456929597014
1456933197014 1456947597014
1456954797014 1456972797014
1456979997014 1456987197014
1456994397014 1457012397014
1457015997014 1457030397014
1457033997014 1457048397014
1457051997014 1457062797014
1457066397014 1457069997014
1457077197014 1457084397014
1457087997014 1457109597014
1457116797014 1457120397014
1457127597014 1457131197014
1457134797014 1457141997014
1457149197014 1457163597014
1457167197014 1457177997014
1457181597014 1457188797014
1457192397014 1457195997014
1457203197014 1457217597014
1457224797014 1457242797014
1457246397014 1457264397014
1457267997014 1457289597014
1457293197014 1457314797014
1457321997014 1457325597014
1457329197014 1457343597014
1457347197014 1457361597014
1457368797014 1457372397014
