Vol - 25
25
1456000797014 1456015197014
1456022397014 1456040397014
1456043997014 1456061997014
1456069197014 1456076397014
1456083597014 1456105197014
1456112397014 1456115997014
1456123197014 1456126797014
1456133997014 1456148397014
1456151997014 1456155597014
1456159197014 1456177197014
1456180797014 1456187997014
1456191597014 1456213197014
1456216797014 1456234797014
1456241997014 1456259997014
1456263597014 1456274397014
1456277997014 1456295997014
1456299597014 1456321197014
1456324797014 1456342797014
1456346397014 1456357197014
1456360797014 1456367997014
1456371597014 1456378797014
1456382397014 1456385997014
1456393197014 1456411197014
1456418397014 1456421997014
1456425597014 1456429197014
1456436397014 1456439997014
1456447197014 1456461597014
1456468797014 1456483197014
1456486797014 1456493997014
1456501197014 1456522797014
1456529997014 1456551597014
1456555197014 1456569597014
1456573197014 1456594797014
1456601997014 1456605597014
1456609197014 1456623597014
1456630797014 1456652397014
1456655997014 1456663197014
1456666797014 1456681197014
1456684797014 1456691997014
1456695597014 1456706397014
1456713597014 1456735197014
1456738797014 1456745997014
1456753197014 1456767597014
1456774797014 1456789197014
1456796397014 1456803597014
1456807197014 1456814397014
1456817997014 1456825197014
1456828797014 1456850397014
1456857597014 1456861197014
1456864797014 1456875597014
1456879197014 1456886397014
1456889997014 1456904397014
1456911597014 1456925997014
1456929597014 1456933197014
1456936797014 1456940397014
1456947597014 1456958397014
1456965597014 1456972797014
1456976397014 1456994397014
1457001597014 1457023197014
1457030397014 1457051997014
1457055597014 1457059197014
1457066397014 1457087997014
