Vol - 27
27
1456000797030 1456018797030
1456025997030 1456029597030
1456033197030 1456054797030
1456061997030 1456072797030
1456079997030 1456087197030
1456094397030 1456105197030
1456112397030 1456119597030
1456126797030 1456130397030
1456133997030 1456155597030
1456162797030 1456180797030
1456184397030 1456205997030
1456213197030 1456220397030
1456227597030 1456238397030
1456245597030 1456252797030
1456256397030 1456267197030
1456270797030 1456288797030
1456295997030 1456310397030
1456317597030 1456339197030
1456346397030 1456360797030
1456364397030 1456385997030
1456393197030 1456407597030
1456411197030 1456425597030
1456429197030 1456443597030
1456450797030 1456457997030
1456465197030 1456479597030
1456483197030 1456497597030
1456504797030 1456519197030
1456522797030 1456544397030
1456547997030 1456558797030
1456562397030 1456573197030
1456576797030 1456594797030
1456601997030 1456609197030
1456616397030 1456634397030
1456637997030 1456659597030
1456666797030 1456681197030
1456688397030 1456699197030
1456706397030 1456720797030
1456727997030 1456738797030
1456745997030 1456749597030
1456756797030 1456767597030
1456774797030 1456778397030
1456781997030 1456785597030
1456792797030 1456814397030
1456821597030 1456835997030
1456843197030 1456861197030
1456868397030 1456886397030
1456893597030 1456904397030
1456907997030 1456915197030
1456922397030 1456943997030
1456951197030 1456965597030
1456969197030 1456976397030
1456979997030 1456983597030
1456990797030 1456994397030
1456997997030 1457005197030
1457012397030 1457015997030
1457019597030 1457023197030
1457026797030 1457030397030
1457037597030 1457044797030
