Vol - 28
28
1456000797030 1456018797030
1456022397030 1456029597030
1456036797030 1456051197030
1456058397030 1456069197030
1456072797030 1456094397030
1456097997030 1456108797030
1456115997030 1456130397030
1456133997030 1456144797030
1456151997030 1456173597030
1456180797030 1456187997030
1456195197030 1456202397030
1456209597030 1456227597030
1456231197030 1456238397030
1456241997030 1456245597030
1456252797030 1456256397030
1456263597030 1456267197030
1456270797030 1456274397030
1456277997030 1456281597030
1456288797030 1456306797030
1456313997030 1456321197030
1456328397030 1456339197030
1456346397030 1456357197030
1456360797030 1456371597030
1456378797030 1456400397030
1456407597030 1456421997030
1456425597030 1456429197030
1456436397030 1456454397030
1456457997030 1456461597030
1456465197030 1456468797030
1456475997030 1456483197030
1456486797030 1456501197030
1456504797030 1456526397030
1456533597030 1456537197030
1456544397030 1456551597030
1456555197030 1456576797030
1456580397030 1456601997030
1456609197030 1456619997030
1456623597030 1456641597030
1456648797030 1456652397030
1456655997030 1456666797030
1456670397030 1456684797030
1456688397030 1456699197030
1456706397030 1456713597030
1456720797030 1456735197030
1456738797030 1456753197030
1456756797030 1456767597030
1456774797030 1456789197030
1456796397030 1456810797030
1456814397030 1456821597030
1456828797030 1456832397030
1456839597030 1456846797030
1456853997030 1456857597030
1456864797030 1456882797030
1456886397030 1456900797030
1456904397030 1456911597030
1456915197030 1456918797030
1456922397030 1456929597030
1456933197030 1456940397030
1456943997030 1456965597030
1456972797030 1456994397030
1457001597030 1457019597030
1457023197030 1457030397030
1457033997030 1457051997030
1457059197030 1457069997030
1457077197030 1457080797030
1457087997030 1457091597030
1457095197030 1457102397030
1457105997030 1457109597030
1457116797030 1457134797030
1457138397030 1457159997030
1457167197030 1457174397030
1457181597030 1457185197030
1457188797030 1457192397030
1457195997030 1457206797030
1457213997030 1457231997030
1457239197030 1457246397030
1457253597030 1457271597030
1457275197030 1457296797030
1457303997030 1457321997030
