Vol - 36
36
1455997197030 1456018797030
1456025997030 1456036797030
1456043997030 1456047597030
1456054797030 1456069197030
1456072797030 1456076397030
1456079997030 1456097997030
1456105197030 1456115997030
1456123197030 1456137597030
1456141197030 1456144797030
1456148397030 1456155597030
1456159197030 1456162797030
1456166397030 1456177197030
1456184397030 1456202397030
1456205997030 1456209597030
1456216797030 1456220397030
1456223997030 1456234797030
1456238397030 1456256397030
1456263597030 1456267197030
1456274397030 1456285197030
1456288797030 1456306797030
1456313997030 1456324797030
1456331997030 1456346397030
1456353597030 1456357197030
1456364397030 1456385997030
1456389597030 1456393197030
1456400397030 1456407597030
1456414797030 1456436397030
1456443597030 1456450797030
1456454397030 1456468797030
1456472397030 1456475997030
1456483197030 1456497597030
1456504797030 1456519197030
1456522797030 1456540797030
1456547997030 1456551597030
1456555197030 1456573197030
1456580397030 1456587597030
1456591197030 1456598397030
1456601997030 1456623597030
1456630797030 1456634397030
1456637997030 1456648797030
1456652397030 1456673997030
1456677597030 1456699197030
1456702797030 1456713597030
1456720797030 1456742397030
1456745997030 1456767597030
1456774797030 1456785597030
1456792797030 1456803597030
1456807197030 1456810797030
1456814397030 1456817997030
1456825197030 1456846797030
