Vol - 37
37
1456000797030 1456004397030
1456007997030 1456015197030
1456018797030 1456029597030
1456033197030 1456047597030
1456051197030 1456072797030
1456079997030 1456094397030
1456101597030 1456105197030
1456108797030 1456115997030
1456119597030 1456126797030
1456133997030 1456155597030
1456162797030 1456166397030
1456169997030 1456187997030
1456191597030 1456213197030
1456216797030 1456238397030
1456241997030 1456259997030
1456263597030 1456281597030
1456285197030 1456292397030
1456295997030 1456299597030
1456306797030 1456313997030
1456321197030 1456324797030
1456328397030 1456349997030
1456357197030 1456360797030
1456364397030 1456371597030
1456378797030 1456393197030
1456396797030 1456403997030
1456411197030 1456425597030
1456432797030 1456447197030
1456450797030 1456468797030
1456475997030 1456493997030
1456501197030 1456515597030
1456519197030 1456537197030
1456544397030 1456558797030
1456565997030 1456583997030
1456587597030 1456591197030
1456594797030 1456616397030
1456619997030 1456634397030
1456641597030 1456645197030
1456652397030 1456666797030
1456673997030 1456681197030
1456684797030 1456691997030
1456695597030 1456706397030
1456709997030 1456731597030
1456738797030 1456753197030
1456760397030 1456778397030
1456785597030 1456789197030
1456792797030 1456799997030
1456803597030 1456821597030
1456828797030 1456832397030
1456839597030 1456857597030
1456861197030 1456879197030
1456886397030 1456907997030
1456911597030 1456925997030
1456929597030 1456943997030
1456947597030 1456951197030
1456958397030 1456965597030
1456972797030 1456979997030
1456987197030 1457008797030
1457015997030 1457019597030
1457023197030 1457044797030
1457051997030 1457059197030
1457062797030 1457080797030
1457087997030 1457109597030
1457116797030 1457138397030
1457141997030 1457145597030
1457149197030 1457170797030
1457177997030 1457181597030
1457188797030 1457199597030
1457203197030 1457224797030
1457228397030 1457239197030
1457246397030 1457264397030
1457271597030 1457293197030
1457296797030 1457318397030
1457325597030 1457339997030
1457343597030 1457354397030
1457357997030 1457365197030
1457368797030 1457386797030
1457390397030 1457401197030
1457404797030 1457426397030
