Vol - 40
40
1455997197030 1456018797030
1456022397030 1456040397030
1456043997030 1456047597030
1456054797030 1456065597030
1456072797030 1456079997030
1456083597030 1456105197030
1456108797030 1456130397030
1456137597030 1456155597030
1456159197030 1456166397030
1456169997030 1456184397030
1456191597030 1456205997030
1456213197030 1456234797030
1456241997030 1456256397030
1456259997030 1456281597030
1456285197030 1456292397030
1456295997030 1456317597030
1456324797030 1456335597030
1456339197030 1456353597030
1456357197030 1456364397030
1456371597030 1456393197030
1456400397030 1456403997030
1456411197030 1456429197030
1456432797030 1456454397030
1456457997030 1456475997030
1456479597030 1456497597030
1456504797030 1456515597030
1456519197030 1456540797030
1456547997030 1456555197030
1456562397030 1456565997030
1456573197030 1456576797030
1456580397030 1456594797030
1456598397030 1456612797030
1456619997030 1456637997030
1456641597030 1456663197030
1456670397030 1456673997030
1456677597030 1456695597030
1456699197030 1456702797030
1456709997030 1456724397030
1456731597030 1456749597030
1456756797030 1456771197030
1456774797030 1456781997030
1456785597030 1456807197030
1456810797030 1456821597030
1456825197030 1456835997030
1456839597030 1456853997030
1456861197030 1456864797030
1456871997030 1456893597030
1456900797030 1456918797030
1456925997030 1456940397030
1456943997030 1456961997030
1456965597030 1456972797030
1456979997030 1456983597030
1456990797030 1456997997030
1457005197030 1457008797030
1457012397030 1457026797030
1457033997030 1457041197030
1457048397030 1457051997030
1457055597030 1457059197030
1457066397030 1457069997030
1457073597030 1457077197030
1457080797030 1457087997030
