Vol - 42
42
1456000797030 1456015197030
1456022397030 1456043997030
1456047597030 1456061997030
1456069197030 1456076397030
1456079997030 1456101597030
1456108797030 1456130397030
1456137597030 1456144797030
1456148397030 1456166397030
1456169997030 1456187997030
1456191597030 1456195197030
1456198797030 1456220397030
1456223997030 1456238397030
1456245597030 1456256397030
1456259997030 1456281597030
1456288797030 1456299597030
1456303197030 1456310397030
1456313997030 1456328397030
1456335597030 1456357197030
1456364397030 1456378797030
1456382397030 1456393197030
1456400397030 1456407597030
1456411197030 1456432797030
1456436397030 1456447197030
1456454397030 1456475997030
1456483197030 1456490397030
1456497597030 1456519197030
1456526397030 1456533597030
1456537197030 1456551597030
1456558797030 1456576797030
1456580397030 1456591197030
1456598397030 1456605597030
1456612797030 1456619997030
1456627197030 1456648797030
1456655997030 1456677597030
1456681197030 1456695597030
1456702797030 1456706397030
1456709997030 1456724397030
1456731597030 1456735197030
1456738797030 1456742397030
1456745997030 1456756797030
1456760397030 1456767597030
