Vol - 44
44
1456000797030 1456015197030
1456018797030 1456025997030
1456033197030 1456043997030
1456051197030 1456054797030
1456058397030 1456079997030
1456087197030 1456108797030
1456112397030 1456133997030
1456137597030 1456155597030
1456162797030 1456177197030
1456184397030 1456198797030
1456202397030 1456205997030
1456213197030 1456231197030
1456234797030 1456238397030
1456245597030 1456256397030
1456263597030 1456267197030
1456274397030 1456295997030
1456303197030 1456324797030
1456328397030 1456339197030
1456342797030 1456353597030
1456360797030 1456367997030
1456375197030 1456378797030
1456382397030 1456396797030
1456400397030 1456421997030
1456429197030 1456447197030
1456450797030 1456454397030
1456461597030 1456483197030
1456486797030 1456504797030
1456511997030 1456519197030
1456526397030 1456547997030
1456555197030 1456576797030
1456580397030 1456601997030
1456609197030 1456612797030
1456616397030 1456630797030
1456634397030 1456652397030
1456659597030 1456663197030
1456666797030 1456684797030
1456688397030 1456709997030
1456713597030 1456720797030
1456727997030 1456745997030
1456749597030 1456753197030
1456756797030 1456771197030
1456778397030 1456796397030
1456803597030 1456814397030
1456821597030 1456839597030
1456843197030 1456846797030
1456850397030 1456864797030
1456868397030 1456879197030
1456882797030 1456900797030
1456904397030 1456915197030
1456918797030 1456925997030
1456933197030 1456951197030
1456954797030 1456969197030
1456972797030 1456976397030
