Vol - 45
45
1455997197030 1456004397030
1456007997030 1456025997030
1456029597030 1456040397030
1456047597030 1456054797030
1456058397030 1456065597030
1456072797030 1456083597030
1456090797030 1456105197030
1456112397030 1456119597030
1456123197030 1456130397030
1456133997030 1456148397030
1456151997030 1456159197030
1456166397030 1456180797030
1456187997030 1456198797030
1456202397030 1456216797030
1456220397030 1456238397030
1456245597030 1456267197030
1456274397030 1456288797030
1456292397030 1456306797030
