Vol - 46
46
1455997197030 1456015197030
1456018797030 1456036797030
1456040397030 1456047597030
1456054797030 1456072797030
1456076397030 1456090797030
1456094397030 1456108797030
1456112397030 1456123197030
1456126797030 1456130397030
1456137597030 1456151997030
1456155597030 1456159197030
1456162797030 1456180797030
1456184397030 1456187997030
1456195197030 1456202397030
1456209597030 1456220397030
1456223997030 1456231197030
1456238397030 1456252797030
1456259997030 1456274397030
1456277997030 1456285197030
1456288797030 1456303197030
1456306797030 1456313997030
1456321197030 1456342797030
1456349997030 1456360797030
1456364397030 1456382397030
1456389597030 1456396797030
1456400397030 1456418397030
1456425597030 1456439997030
1456443597030 1456457997030
1456461597030 1456468797030
1456475997030 1456479597030
1456483197030 1456504797030
1456511997030 1456519197030
1456526397030 1456533597030
1456537197030 1456540797030
1456544397030 1456547997030
1456551597030 1456555197030
1456558797030 1456562397030
1456569597030 1456580397030
1456587597030 1456609197030
1456612797030 1456634397030
1456637997030 1456652397030
1456655997030 1456677597030
1456681197030 1456684797030
1456688397030 1456709997030
1456717197030 1456724397030
1456731597030 1456749597030
1456753197030 1456771197030
1456774797030 1456789197030
