Vol - 5
5
1456000797014 1456015197014
1456018797014 1456029597014
1456036797014 1456058397014
1456065597014 1456083597014
1456087197014 1456090797014
1456094397014 1456112397014
1456115997014 1456130397014
1456137597014 1456141197014
1456148397014 1456159197014
1456162797014 1456166397014
1456173597014 1456180797014
1456187997014 1456198797014
1456205997014 1456227597014
1456231197014 1456249197014
1456256397014 1456267197014
1456270797014 1456277997014
1456281597014 1456292397014
1456295997014 1456313997014
1456321197014 1456339197014
1456342797014 1456349997014
1456353597014 1456360797014
1456364397014 1456371597014
1456375197014 1456385997014
1456393197014 1456396797014
1456400397014 1456407597014
1456411197014 1456432797014
1456436397014 1456439997014
1456447197014 1456454397014
1456461597014 1456472397014
1456479597014 1456501197014
1456508397014 1456526397014
1456533597014 1456537197014
1456540797014 1456544397014
1456551597014 1456569597014
1456576797014 1456587597014
1456591197014 1456605597014
1456612797014 1456616397014
1456623597014 1456634397014
1456637997014 1456659597014
1456663197014 1456681197014
1456688397014 1456706397014
1456709997014 1456727997014
1456735197014 1456756797014
1456760397014 1456774797014
1456781997014 1456796397014
1456803597014 1456817997014
1456821597014 1456843197014
1456850397014 1456853997014
1456857597014 1456875597014
1456879197014 1456900797014
1456904397014 1456907997014
1456915197014 1456936797014
1456943997014 1456965597014
1456972797014 1456979997014
1456987197014 1457005197014
1457008797014 1457023197014
1457026797014 1457044797014
1457051997014 1457069997014
1457077197014 1457087997014
1457095197014 1457116797014
1457120397014 1457131197014
1457138397014 1457152797014
1457156397014 1457163597014
1457167197014 1457177997014
1457181597014 1457185197014
1457188797014 1457206797014
1457213997014 1457228397014
1457235597014 1457246397014
1457249997014 1457267997014
1457271597014 1457285997014
1457289597014 1457311197014
1457314797014 1457318397014
1457321997014 1457336397014
1457343597014 1457365197014
1457372397014 1457386797014
1457390397014 1457397597014
1457401197014 1457411997014
1457415597014 1457422797014
1457426397014 1457429997014
1457433597014 1457444397014
1457447997014 1457451597014
1457458797014 1457462397014
1457465997014 1457487597014
1457491197014 1457512797014
1457516397014 1457534397014
1457537997014 1457541597014
1457548797014 1457563197014
1457566797014 1457581197014
1457588397014 1457591997014
1457595597014 1457617197014
