Vol - 53
53
1455997197030 1456007997030
1456015197030 1456033197030
1456036797030 1456051197030
1456058397030 1456079997030
1456083597030 1456090797030
1456094397030 1456101597030
1456108797030 1456119597030
1456123197030 1456137597030
1456141197030 1456162797030
1456166397030 1456184397030
1456187997030 1456195197030
1456198797030 1456220397030
1456227597030 1456241997030
1456245597030 1456252797030
1456256397030 1456267197030
1456274397030 1456285197030
1456288797030 1456310397030
1456313997030 1456335597030
1456342797030 1456353597030
1456360797030 1456364397030
1456371597030 1456378797030
1456385997030 1456393197030
1456396797030 1456400397030
1456403997030 1456414797030
