Vol - 58
58
1455997197030 1456004397030
1456011597030 1456029597030
1456036797030 1456058397030
1456061997030 1456079997030
1456087197030 1456097997030
1456101597030 1456105197030
1456108797030 1456119597030
1456126797030 1456144797030
1456151997030 1456169997030
1456173597030 1456195197030
1456202397030 1456223997030
1456231197030 1456234797030
1456238397030 1456256397030
1456259997030 1456270797030
1456274397030 1456277997030
1456285197030 1456306797030
1456310397030 1456328397030
1456331997030 1456353597030
1456357197030 1456364397030
1456371597030 1456393197030
1456396797030 1456414797030
1456421997030 1456425597030
1456429197030 1456450797030
1456454397030 1456457997030
1456465197030 1456468797030
1456475997030 1456483197030
1456486797030 1456508397030
1456511997030 1456515597030
1456519197030 1456522797030
1456526397030 1456529997030
1456537197030 1456547997030
1456551597030 1456562397030
1456569597030 1456580397030
1456587597030 1456598397030
1456601997030 1456605597030
1456612797030 1456634397030
1456641597030 1456648797030
1456655997030 1456673997030
1456681197030 1456684797030
1456691997030 1456702797030
1456709997030 1456717197030
1456724397030 1456727997030
1456735197030 1456742397030
1456745997030 1456767597030
1456771197030 1456792797030
1456796397030 1456803597030
1456807197030 1456828797030
1456835997030 1456839597030
1456843197030 1456853997030
1456861197030 1456879197030
1456882797030 1456889997030
1456893597030 1456907997030
1456915197030 1456929597030
1456933197030 1456940397030
1456943997030 1456965597030
1456972797030 1456994397030
1456997997030 1457012397030
1457015997030 1457033997030
1457037597030 1457048397030
1457051997030 1457073597030
1457080797030 1457102397030
1457109597030 1457116797030
1457123997030 1457127597030
1457134797030 1457156397030
1457163597030 1457185197030
1457188797030 1457210397030
1457213997030 1457235597030
1457242797030 1457253597030
1457260797030 1457264397030
1457271597030 1457289597030
1457293197030 1457311197030
1457318397030 1457332797030
1457339997030 1457357997030
1457365197030 1457368797030
1457375997030 1457390397030
1457393997030 1457408397030
1457411997030 1457419197030
1457422797030 1457444397030
1457451597030 1457455197030
1457462397030 1457480397030
1457487597030 1457494797030
1457498397030 1457516397030
1457519997030 1457534397030
