Vol - 60
60
1456000797030 1456022397030
1456025997030 1456040397030
1456047597030 1456054797030
1456058397030 1456061997030
1456069197030 1456083597030
1456090797030 1456094397030
1456101597030 1456105197030
1456112397030 1456130397030
1456137597030 1456144797030
1456148397030 1456166397030
1456173597030 1456177197030
1456184397030 1456187997030
1456191597030 1456195197030
1456198797030 1456209597030
1456213197030 1456223997030
1456231197030 1456245597030
1456249197030 1456256397030
1456263597030 1456277997030
1456281597030 1456295997030
