Vol - 61
61
1456000797030 1456007997030
1456011597030 1456018797030
1456022397030 1456043997030
1456051197030 1456054797030
1456058397030 1456072797030
1456076397030 1456094397030
1456097997030 1456115997030
1456119597030 1456137597030
1456144797030 1456155597030
1456162797030 1456166397030
1456173597030 1456184397030
1456191597030 1456213197030
1456216797030 1456220397030
1456223997030 1456241997030
1456249197030 1456263597030
1456270797030 1456274397030
1456277997030 1456285197030
1456292397030 1456313997030
1456321197030 1456335597030
1456339197030 1456357197030
1456360797030 1456367997030
1456375197030 1456378797030
1456382397030 1456389597030
1456393197030 1456396797030
1456403997030 1456421997030
1456429197030 1456439997030
1456443597030 1456447197030
1456450797030 1456465197030
1456472397030 1456486797030
1456493997030 1456511997030
1456515597030 1456533597030
1456540797030 1456544397030
1456547997030 1456558797030
1456562397030 1456569597030
1456573197030 1456580397030
1456583997030 1456598397030
1456601997030 1456619997030
1456627197030 1456645197030
1456652397030 1456666797030
1456670397030 1456684797030
1456688397030 1456702797030
1456709997030 1456713597030
1456717197030 1456731597030
1456735197030 1456756797030
