Vol - 62
62
1455997197030 1456004397030
1456011597030 1456018797030
1456022397030 1456040397030
1456043997030 1456054797030
1456058397030 1456076397030
1456083597030 1456101597030
1456105197030 1456119597030
1456126797030 1456148397030
1456151997030 1456162797030
1456169997030 1456187997030
1456195197030 1456198797030
1456202397030 1456220397030
1456223997030 1456227597030
1456231197030 1456249197030
1456252797030 1456259997030
1456263597030 1456274397030
1456277997030 1456292397030
1456299597030 1456313997030
1456317597030 1456328397030
1456331997030 1456346397030
1456353597030 1456360797030
1456364397030 1456371597030
1456375197030 1456378797030
1456382397030 1456385997030
1456389597030 1456393197030
1456396797030 1456403997030
1456411197030 1456414797030
1456421997030 1456425597030
1456432797030 1456443597030
1456450797030 1456454397030
1456457997030 1456465197030
1456468797030 1456490397030
1456493997030 1456497597030
