Vol - 64
64
1456000797030 1456022397030
1456029597030 1456033197030
1456036797030 1456051197030
1456058397030 1456069197030
1456072797030 1456094397030
1456097997030 1456115997030
1456123197030 1456144797030
1456148397030 1456162797030
1456169997030 1456177197030
1456180797030 1456184397030
1456187997030 1456205997030
1456209597030 1456213197030
1456220397030 1456241997030
1456245597030 1456259997030
1456263597030 1456267197030
1456270797030 1456288797030
1456292397030 1456299597030
1456306797030 1456328397030
1456335597030 1456339197030
1456346397030 1456367997030
1456375197030 1456378797030
1456385997030 1456403997030
1456407597030 1456429197030
1456432797030 1456443597030
1456450797030 1456457997030
1456465197030 1456468797030
1456472397030 1456479597030
1456483197030 1456504797030
1456511997030 1456515597030
1456522797030 1456526397030
1456533597030 1456544397030
1456547997030 1456569597030
1456573197030 1456591197030
1456598397030 1456619997030
1456623597030 1456627197030
1456630797030 1456645197030
1456648797030 1456652397030
1456655997030 1456659597030
1456666797030 1456673997030
1456677597030 1456699197030
