Vol - 66
66
1456000797030 1456011597030
1456018797030 1456022397030
1456025997030 1456036797030
1456043997030 1456061997030
1456069197030 1456076397030
1456079997030 1456087197030
1456090797030 1456112397030
1456119597030 1456141197030
1456148397030 1456151997030
1456155597030 1456169997030
1456173597030 1456187997030
1456191597030 1456213197030
1456220397030 1456238397030
1456241997030 1456245597030
1456249197030 1456259997030
1456263597030 1456277997030
1456281597030 1456303197030
1456306797030 1456321197030
1456324797030 1456346397030
1456349997030 1456357197030
1456360797030 1456382397030
1456385997030 1456393197030
1456396797030 1456418397030
1456425597030 1456447197030
1456450797030 1456457997030
1456465197030 1456483197030
1456486797030 1456501197030
1456504797030 1456515597030
1456519197030 1456529997030
1456533597030 1456540797030
1456544397030 1456547997030
1456555197030 1456569597030
1456576797030 1456583997030
1456587597030 1456609197030
1456612797030 1456627197030
