Vol - 67
67
1455997197030 1456011597030
1456018797030 1456036797030
1456040397030 1456043997030
1456051197030 1456065597030
1456069197030 1456083597030
1456090797030 1456097997030
1456101597030 1456123197030
1456126797030 1456144797030
1456148397030 1456155597030
1456162797030 1456166397030
1456173597030 1456187997030
1456191597030 1456198797030
1456205997030 1456223997030
1456227597030 1456245597030
1456249197030 1456259997030
1456267197030 1456277997030
1456285197030 1456292397030
1456295997030 1456317597030
1456324797030 1456346397030
1456349997030 1456360797030
1456367997030 1456389597030
1456396797030 1456418397030
1456425597030 1456436397030
1456439997030 1456461597030
1456468797030 1456475997030
1456479597030 1456497597030
1456504797030 1456522797030
1456529997030 1456547997030
1456555197030 1456569597030
1456573197030 1456587597030
1456594797030 1456598397030
1456601997030 1456623597030
1456627197030 1456637997030
1456641597030 1456663197030
1456666797030 1456681197030
1456688397030 1456706397030
1456709997030 1456731597030
1456735197030 1456738797030
1456742397030 1456745997030
1456749597030 1456771197030
1456778397030 1456796397030
1456803597030 1456807197030
1456810797030 1456814397030
1456817997030 1456835997030
1456839597030 1456846797030
1456853997030 1456871997030
1456875597030 1456893597030
1456900797030 1456922397030
1456925997030 1456929597030
1456933197030 1456940397030
1456947597030 1456969197030
1456976397030 1456990797030
1456997997030 1457012397030
1457019597030 1457033997030
1457041197030 1457044797030
1457051997030 1457066397030
1457069997030 1457087997030
1457091597030 1457095197030
1457098797030 1457102397030
1457105997030 1457109597030
1457113197030 1457131197030
1457138397030 1457156397030
1457159997030 1457170797030
1457174397030 1457177997030
1457181597030 1457203197030
1457210397030 1457213997030
1457221197030 1457224797030
1457228397030 1457231997030
1457235597030 1457253597030
1457260797030 1457267997030
1457271597030 1457293197030
