Vol - 69
69
1455997197030 1456015197030
1456022397030 1456040397030
1456047597030 1456058397030
1456065597030 1456079997030
1456083597030 1456090797030
1456097997030 1456105197030
1456108797030 1456126797030
1456133997030 1456148397030
1456151997030 1456162797030
1456166397030 1456169997030
1456173597030 1456177197030
1456180797030 1456184397030
1456187997030 1456191597030
1456198797030 1456216797030
1456220397030 1456234797030
1456241997030 1456245597030
1456249197030 1456270797030
1456277997030 1456288797030
1456295997030 1456306797030
1456313997030 1456317597030
1456324797030 1456342797030
1456349997030 1456353597030
1456357197030 1456378797030
1456382397030 1456400397030
1456403997030 1456411197030
1456414797030 1456425597030
1456429197030 1456450797030
1456457997030 1456479597030
1456486797030 1456493997030
1456497597030 1456511997030
1456515597030 1456519197030
1456522797030 1456540797030
1456547997030 1456562397030
1456569597030 1456573197030
1456576797030 1456591197030
1456598397030 1456605597030
1456609197030 1456616397030
1456623597030 1456627197030
1456634397030 1456645197030
1456652397030 1456659597030
1456663197030 1456666797030
1456670397030 1456688397030
1456695597030 1456717197030
1456720797030 1456738797030
1456742397030 1456760397030
1456767597030 1456781997030
1456785597030 1456807197030
1456814397030 1456817997030
1456821597030 1456825197030
1456828797030 1456835997030
1456839597030 1456861197030
1456868397030 1456875597030
1456882797030 1456904397030
1456911597030 1456918797030
1456922397030 1456943997030
1456951197030 1456958397030
1456965597030 1456972797030
1456979997030 1456994397030
1456997997030 1457015997030
1457023197030 1457026797030
1457030397030 1457051997030
1457059197030 1457073597030
1457080797030 1457084397030
1457091597030 1457113197030
1457120397030 1457123997030
1457127597030 1457131197030
1457134797030 1457156397030
1457163597030 1457185197030
1457192397030 1457213997030
1457221197030 1457228397030
1457235597030 1457253597030
1457260797030 1457267997030
1457275197030 1457282397030
1457289597030 1457296797030
1457303997030 1457325597030
1457332797030 1457336397030
