Vol - 7
7
1455997197014 1456018797014
1456025997014 1456029597014
1456033197014 1456054797014
1456061997014 1456083597014
1456090797014 1456094397014
1456097997014 1456112397014
1456119597014 1456133997014
1456137597014 1456151997014
1456159197014 1456166397014
1456173597014 1456184397014
1456187997014 1456202397014
1456209597014 1456216797014
1456220397014 1456241997014
1456249197014 1456256397014
1456259997014 1456281597014
1456288797014 1456292397014
1456295997014 1456299597014
1456303197014 1456317597014
1456321197014 1456331997014
1456339197014 1456357197014
1456364397014 1456375197014
1456378797014 1456389597014
1456396797014 1456407597014
1456414797014 1456418397014
1456425597014 1456429197014
1456432797014 1456447197014
1456454397014 1456461597014
1456465197014 1456475997014
1456479597014 1456497597014
1456501197014 1456522797014
1456526397014 1456529997014
1456533597014 1456547997014
1456555197014 1456562397014
1456565997014 1456569597014
1456576797014 1456594797014
1456601997014 1456623597014
1456630797014 1456648797014
1456655997014 1456663197014
1456666797014 1456684797014
1456688397014 1456702797014
1456709997014 1456727997014
1456735197014 1456742397014
1456749597014 1456763997014
1456771197014 1456785597014
1456792797014 1456803597014
1456807197014 1456810797014
1456817997014 1456835997014
1456843197014 1456864797014
1456871997014 1456893597014
1456897197014 1456904397014
1456911597014 1456929597014
1456933197014 1456943997014
1456951197014 1456972797014
1456979997014 1457001597014
1457005197014 1457015997014
1457019597014 1457041197014
1457048397014 1457062797014
1457069997014 1457087997014
1457091597014 1457113197014
1457116797014 1457120397014
1457123997014 1457141997014
1457145597014 1457156397014
1457159997014 1457181597014
1457185197014 1457203197014
1457210397014 1457213997014
1457221197014 1457242797014
1457246397014 1457253597014
1457257197014 1457260797014
1457267997014 1457271597014
1457275197014 1457285997014
1457293197014 1457314797014
1457318397014 1457332797014
1457336397014 1457339997014
1457343597014 1457350797014
1457357997014 1457372397014
1457379597014 1457393997014
1457397597014 1457411997014
1457419197014 1457429997014
1457437197014 1457458797014
1457462397014 1457469597014
1457476797014 1457480397014
1457483997014 1457498397014
1457501997014 1457519997014
1457527197014 1457541597014
1457545197014 1457552397014
