Vol - 70
70
1455997197030 1456015197030
1456018797030 1456033197030
1456036797030 1456040397030
1456043997030 1456061997030
1456069197030 1456076397030
1456079997030 1456094397030
1456097997030 1456112397030
1456115997030 1456137597030
1456144797030 1456148397030
1456151997030 1456173597030
1456180797030 1456198797030
1456205997030 1456213197030
1456220397030 1456231197030
1456234797030 1456249197030
1456252797030 1456256397030
1456263597030 1456277997030
1456285197030 1456292397030
1456299597030 1456303197030
1456310397030 1456328397030
1456335597030 1456349997030
1456357197030 1456364397030
1456367997030 1456382397030
