Vol - 73
73
1456000797030 1456004397030
1456007997030 1456011597030
1456015197030 1456018797030
1456022397030 1456033197030
1456036797030 1456058397030
1456061997030 1456069197030
1456076397030 1456079997030
1456087197030 1456108797030
1456115997030 1456133997030
1456137597030 1456148397030
1456151997030 1456169997030
1456173597030 1456180797030
1456187997030 1456191597030
1456195197030 1456209597030
1456216797030 1456231197030
1456238397030 1456259997030
1456263597030 1456267197030
1456270797030 1456285197030
1456292397030 1456295997030
1456303197030 1456313997030
1456321197030 1456339197030
1456342797030 1456360797030
1456367997030 1456382397030
1456389597030 1456407597030
1456414797030 1456436397030
1456443597030 1456465197030
1456472397030 1456479597030
1456486797030 1456493997030
1456501197030 1456522797030
1456529997030 1456537197030
1456544397030 1456562397030
1456569597030 1456576797030
1456580397030 1456598397030
1456605597030 1456623597030
1456630797030 1456648797030
1456655997030 1456666797030
1456670397030 1456691997030
1456695597030 1456713597030
1456720797030 1456742397030
1456749597030 1456760397030
1456763997030 1456767597030
1456774797030 1456785597030
1456789197030 1456799997030
1456807197030 1456821597030
1456825197030 1456843197030
1456846797030 1456853997030
1456861197030 1456875597030
1456879197030 1456889997030
1456893597030 1456915197030
1456918797030 1456925997030
1456933197030 1456936797030
1456943997030 1456947597030
1456951197030 1456969197030
1456976397030 1456979997030
1456987197030 1456990797030
1456994397030 1457001597030
1457008797030 1457012397030
1457019597030 1457026797030
1457030397030 1457051997030
1457059197030 1457066397030
1457069997030 1457087997030
1457091597030 1457098797030
1457105997030 1457127597030
1457134797030 1457138397030
1457141997030 1457159997030
