Vol - 79
79
1456000797030 1456022397030
1456029597030 1456043997030
1456051197030 1456058397030
1456065597030 1456083597030
1456087197030 1456105197030
1456108797030 1456115997030
1456123197030 1456141197030
1456148397030 1456162797030
1456169997030 1456173597030
1456177197030 1456198797030
1456202397030 1456213197030
1456216797030 1456220397030
1456223997030 1456241997030
1456249197030 1456270797030
1456277997030 1456285197030
1456292397030 1456299597030
1456303197030 1456324797030
1456331997030 1456349997030
1456353597030 1456360797030
1456367997030 1456385997030
1456393197030 1456414797030
1456418397030 1456432797030
1456439997030 1456454397030
1456457997030 1456461597030
1456468797030 1456490397030
1456497597030 1456504797030
1456511997030 1456519197030
1456526397030 1456547997030
1456555197030 1456576797030
1456580397030 1456591197030
1456594797030 1456601997030
1456609197030 1456619997030
1456623597030 1456637997030
1456641597030 1456663197030
1456670397030 1456677597030
1456681197030 1456691997030
1456695597030 1456713597030
1456717197030 1456731597030
1456738797030 1456760397030
1456763997030 1456781997030
1456785597030 1456803597030
1456810797030 1456828797030
1456835997030 1456846797030
1456850397030 1456864797030
1456871997030 1456875597030
1456882797030 1456889997030
1456897197030 1456900797030
1456904397030 1456922397030
1456925997030 1456940397030
1456943997030 1456961997030
1456965597030 1456972797030
1456976397030 1456990797030
1456994397030 1457012397030
1457019597030 1457026797030
1457033997030 1457048397030
1457055597030 1457073597030
1457077197030 1457095197030
1457098797030 1457102397030
1457109597030 1457131197030
1457134797030 1457156397030
1457163597030 1457185197030
1457188797030 1457203197030
1457206797030 1457217597030
1457221197030 1457242797030
1457249997030 1457253597030
1457257197030 1457278797030
1457282397030 1457296797030
1457303997030 1457307597030
