Vol - 85
85
1455997197030 1456011597030
1456018797030 1456040397030
1456043997030 1456065597030
1456072797030 1456094397030
1456101597030 1456108797030
1456115997030 1456130397030
1456133997030 1456151997030
1456159197030 1456173597030
1456177197030 1456184397030
1456187997030 1456198797030
1456202397030 1456223997030
1456231197030 1456238397030
1456241997030 1456256397030
1456259997030 1456263597030
1456270797030 1456277997030
1456281597030 1456295997030
1456303197030 1456324797030
1456331997030 1456353597030
1456360797030 1456382397030
1456389597030 1456407597030
1456411197030 1456414797030
1456421997030 1456425597030
1456429197030 1456450797030
1456457997030 1456479597030
1456486797030 1456501197030
1456508397030 1456522797030
1456529997030 1456547997030
1456551597030 1456569597030
1456573197030 1456580397030
1456583997030 1456587597030
1456591197030 1456598397030
1456601997030 1456623597030
1456630797030 1456634397030
1456637997030 1456645197030
1456648797030 1456670397030
1456673997030 1456684797030
1456688397030 1456691997030
1456699197030 1456709997030
1456713597030 1456731597030
1456735197030 1456738797030
1456745997030 1456749597030
1456753197030 1456763997030
1456771197030 1456785597030
1456792797030 1456803597030
1456810797030 1456817997030
1456825197030 1456832397030
1456839597030 1456853997030
1456861197030 1456864797030
1456868397030 1456879197030
1456886397030 1456889997030
1456893597030 1456900797030
1456904397030 1456925997030
1456929597030 1456933197030
1456936797030 1456954797030
1456958397030 1456961997030
1456965597030 1456979997030
1456983597030 1456994397030
1457001597030 1457019597030
1457026797030 1457041197030
1457044797030 1457048397030
1457051997030 1457066397030
1457069997030 1457084397030
1457087997030 1457095197030
1457098797030 1457116797030
1457123997030 1457131197030
1457134797030 1457145597030
1457149197030 1457170797030
1457174397030 1457188797030
1457195997030 1457210397030
1457217597030 1457239197030
1457242797030 1457260797030
1457267997030 1457289597030
1457296797030 1457311197030
1457314797030 1457321997030
1457325597030 1457336397030
1457343597030 1457361597030
1457368797030 1457372397030
1457375997030 1457390397030
1457397597030 1457419197030
1457426397030 1457440797030
1457444397030 1457462397030
1457469597030 1457487597030
1457494797030 1457501997030
1457505597030 1457509197030
