Vol - 87
87
1456000797030 1456018797030
1456025997030 1456043997030
1456047597030 1456069197030
1456076397030 1456094397030
1456101597030 1456123197030
1456126797030 1456148397030
1456155597030 1456177197030
1456180797030 1456191597030
1456195197030 1456198797030
1456202397030 1456205997030
1456213197030 1456223997030
1456227597030 1456245597030
1456252797030 1456256397030
1456259997030 1456263597030
1456267197030 1456281597030
1456288797030 1456299597030
1456303197030 1456324797030
1456331997030 1456339197030
1456346397030 1456353597030
1456360797030 1456367997030
1456371597030 1456382397030
