Vol - 9
9
1456000797014 1456015197014
1456022397014 1456043997014
1456047597014 1456069197014
1456076397014 1456087197014
1456090797014 1456112397014
1456119597014 1456133997014
1456141197014 1456162797014
1456166397014 1456177197014
1456184397014 1456202397014
1456205997014 1456227597014
1456231197014 1456238397014
1456245597014 1456263597014
1456270797014 1456285197014
1456292397014 1456310397014
1456317597014 1456339197014
1456342797014 1456353597014
1456360797014 1456367997014
1456371597014 1456378797014
1456382397014 1456396797014
1456400397014 1456421997014
1456429197014 1456447197014
1456454397014 1456475997014
1456483197014 1456486797014
1456493997014 1456497597014
1456501197014 1456519197014
1456522797014 1456537197014
1456544397014 1456558797014
1456562397014 1456573197014
1456576797014 1456583997014
1456587597014 1456605597014
1456609197014 1456623597014
1456630797014 1456641597014
1456648797014 1456670397014
1456673997014 1456681197014
1456684797014 1456688397014
1456691997014 1456695597014
1456702797014 1456709997014
1456713597014 1456717197014
1456720797014 1456742397014
1456745997014 1456753197014
1456760397014 1456778397014
1456781997014 1456803597014
1456807197014 1456821597014
1456825197014 1456839597014
1456846797014 1456861197014
1456868397014 1456871997014
1456875597014 1456897197014
1456900797014 1456911597014
1456915197014 1456936797014
1456940397014 1456958397014
1456961997014 1456979997014
1456983597014 1457005197014
1457012397014 1457026797014
1457030397014 1457051997014
1457059197014 1457077197014
1457084397014 1457098797014
1457105997014 1457116797014
1457120397014 1457131197014
1457138397014 1457159997014
1457167197014 1457185197014
1457188797014 1457203197014
1457206797014 1457221197014
1457224797014 1457228397014
1457231997014 1457249997014
1457257197014 1457275197014
1457282397014 1457303997014
1457307597014 1457321997014
1457325597014 1457347197014
1457350797014 1457372397014
1457379597014 1457401197014
1457404797014 1457411997014
1457419197014 1457437197014
1457440797014 1457458797014
1457465997014 1457487597014
1457491197014 1457498397014
1457501997014 1457519997014
1457523597014 1457541597014
1457545197014 1457555997014
1457563197014 1457573997014
1457581197014 1457602797014
1457606397014 1457609997014
1457613597014 1457635197014
1457638797014 1457660397014
1457663997014 1457667597014
1457671197014 1457678397014
1457681997014 1457696397014
1457699997014 1457714397014
1457717997014 1457739597014
1457743197014 1457764797014
1457771997014 1457779197014
