Vol - 93
93
1456000797030 1456007997030
1456015197030 1456022397030
1456025997030 1456047597030
1456054797030 1456069197030
1456076397030 1456083597030
1456087197030 1456094397030
1456097997030 1456105197030
1456112397030 1456119597030
1456126797030 1456133997030
1456141197030 1456151997030
1456155597030 1456162797030
1456169997030 1456191597030
1456195197030 1456198797030
1456205997030 1456209597030
1456216797030 1456223997030
1456227597030 1456231197030
1456238397030 1456252797030
1456256397030 1456270797030
1456277997030 1456281597030
1456285197030 1456292397030
1456295997030 1456299597030
1456306797030 1456321197030
1456324797030 1456342797030
1456346397030 1456357197030
1456360797030 1456364397030
1456367997030 1456389597030
1456396797030 1456418397030
1456425597030 1456429197030
1456436397030 1456457997030
1456461597030 1456479597030
1456483197030 1456486797030
1456493997030 1456497597030
