Vol - 94
94
1456000797030 1456018797030
1456022397030 1456033197030
1456036797030 1456058397030
1456061997030 1456069197030
1456072797030 1456076397030
1456083597030 1456097997030
1456105197030 1456108797030
1456115997030 1456133997030
1456141197030 1456162797030
1456166397030 1456180797030
1456187997030 1456191597030
1456198797030 1456220397030
1456227597030 1456249197030
1456256397030 1456277997030
1456285197030 1456299597030
1456306797030 1456324797030
1456328397030 1456335597030
1456342797030 1456357197030
1456360797030 1456371597030
1456378797030 1456389597030
1456396797030 1456411197030
