Vol - 97
97
1456000797030 1456007997030
1456011597030 1456018797030
1456022397030 1456033197030
1456040397030 1456043997030
1456051197030 1456058397030
1456065597030 1456087197030
1456094397030 1456105197030
1456112397030 1456133997030
1456141197030 1456155597030
1456159197030 1456166397030
1456173597030 1456184397030
1456191597030 1456213197030
1456220397030 1456227597030
1456231197030 1456234797030
1456241997030 1456245597030
1456252797030 1456270797030
1456277997030 1456299597030
1456303197030 1456324797030
1456331997030 1456353597030
1456357197030 1456360797030
1456367997030 1456382397030
1456389597030 1456403997030
1456407597030 1456411197030
1456414797030 1456429197030
1456436397030 1456447197030
1456454397030 1456468797030
1456472397030 1456490397030
1456497597030 1456519197030
1456526397030 1456540797030
1456544397030 1456558797030
1456562397030 1456569597030
1456573197030 1456580397030
1456583997030 1456601997030
1456605597030 1456627197030
1456634397030 1456645197030
1456652397030 1456659597030
1456666797030 1456677597030
1456681197030 1456691997030
1456695597030 1456713597030
1456717197030 1456738797030
1456742397030 1456763997030
1456767597030 1456778397030
1456785597030 1456803597030
1456807197030 1456821597030
1456825197030 1456843197030
1456850397030 1456871997030
1456875597030 1456886397030
1456889997030 1456904397030
1456911597030 1456922397030
1456929597030 1456936797030
1456940397030 1456943997030
1456951197030 1456961997030
1456969197030 1456983597030
1456987197030 1457005197030
1457008797030 1457026797030
1457030397030 1457033997030
1457037597030 1457059197030
1457062797030 1457077197030
1457080797030 1457091597030
1457098797030 1457120397030
1457127597030 1457138397030
1457145597030 1457163597030
1457170797030 1457177997030
1457181597030 1457185197030
1457192397030 1457195997030
1457199597030 1457203197030
1457206797030 1457217597030
1457224797030 1457231997030
1457235597030 1457246397030
1457253597030 1457267997030
1457271597030 1457275197030
1457278797030 1457289597030
1457296797030 1457307597030
1457314797030 1457336397030
1457339997030 1457343597030
1457350797030 1457354397030
1457361597030 1457379597030
1457386797030 1457390397030
1457393997030 1457408397030
1457411997030 1457422797030
1457426397030 1457437197030
1457444397030 1457465997030
1457473197030 1457476797030
1457483997030 1457487597030
1457491197030 1457498397030
