Vol - 98
98
1455997140000 1456015140000
1456022340000 1456029540000
1456036740000 1456058340000
1456065540000 1456069140000
1456076340000 1456079940000
1456087140000 1456097940000
1456105140000 1456119540000
1456126740000 1456141140000
1456148340000 1456155540000
1456162740000 1456184340000
1456191540000 1456209540000
1456213140000 1456216740000
1456220340000 1456223940000
1456227540000 1456241940000
1456249140000 1456256340000
1456263540000 1456270740000
1456277940000 1456285140000
1456288740000 1456310340000
1456313940000 1456324740000
1456328340000 1456335540000
1456342740000 1456360740000
1456364340000 1456378740000
1456385940000 1456400340000
1456407540000 1456411140000
1456414740000 1456436340000
1456443540000 1456450740000
1456454340000 1456457940000
1456465140000 1456475940000
1456479540000 1456497540000
1456504740000 1456508340000
1456511940000 1456529940000
1456533540000 1456537140000
1456540740000 1456558740000
1456562340000 1456576740000
1456580340000 1456591140000
1456598340000 1456616340000
1456623540000 1456634340000
1456637940000 1456648740000
1456655940000 1456663140000
1456666740000 1456673940000
1456677540000 1456695540000
1456699140000 1456717140000
1456724340000 1456742340000
1456745940000 1456753140000
1456760340000 1456774740000
1456781940000 1456796340000
1456799940000 1456817940000
1456825140000 1456835940000
1456843140000 1456846740000
1456850340000 1456853940000
1456857540000 1456861140000
1456868340000 1456886340000
1456893540000 1456911540000
1456918740000 1456936740000
1456940340000 1456958340000
1456965540000 1456987140000
1456994340000 1457001540000
1457008740000 1457012340000
1457015940000 1457026740000
1457030340000 1457037540000
1457044740000 1457055540000
1457059140000 1457062740000
1457069940000 1457077140000
1457080740000 1457098740000
1457102340000 1457109540000
1457113140000 1457120340000
1457127540000 1457134740000
1457141940000 1457152740000
1457156340000 1457174340000
1457177940000 1457199540000
1457203140000 1457217540000
1457224740000 1457242740000
1457246340000 1457253540000
1457260740000 1457264340000
1457267940000 1457271540000
