123456
654321
6543217
99999
6465195195165165195165134324
23415293451526354156253415652314565123465512364515625314565165112346551234665113245
653142565213465512653162653454565112354651136455112365411625341165416126354515265431661534156511234651123465112346512345651345
34265512346152346152346162364511565113456123466513466113546113565153651113456511234
3450234
502345230450234234523452345234
1000000000000000000000000000000000000000000000000000000000000000000000000000000000000000000000000000000000000000000000000000000009
