9.966720,125.654380 4.574170,109.982810
6.607700,62.797250 -9.413770,176.272470 -7.588620,161.918720
-2.974340,97.580440 -8.892660,51.193260 -1.909990,8.913610
3.204790,101.461580 4.646650,36.178960 -2.007740,178.766550
3.070850,34.082810 -7.449240,126.822480 8.471090,178.918620
-3.827560,103.008620 -6.093460,145.102860 -3.713930,139.454990
3.335960,140.316660 -8.371010,178.324400 -7.723560,148.705520 2.326480,21.389430 -7.561130,66.117140 -6.633870,176.379040 -6.778750,82.765760 2.194450,138.097630
2.571390,23.292130 3.535630,34.408990 -0.761730,173.366200 -0.566130,119.189570 2.910800,11.521020 4.921010,36.054880 9.795170,142.881720
-8.564750,121.087010 -4.575280,11.882260
-1.005700,177.687330 -4.512160,132.148960 -9.352110,81.369460 -3.714580,6.743870 -3.426790,99.562760 -1.643260,96.168110 6.180780,138.615970 -6.832340,40.948440 4.782550,51.793300 -1.017050,80.295470 4.634030,141.539820
1.473010,173.224040 -5.819740,168.076410 -0.184520,13.156560 2.820450,75.648610 5.713460,19.611440 -6.031700,81.488310 5.994950,131.317280 -6.795770,149.015900 5.920370,6.978380
2.462740,179.832800 4.708660,174.113590 -7.511680,110.717760 9.846230,164.733770 -8.373240,18.672440 -6.054080,150.136700 4.780360,16.495720 4.093580,164.146890 6.274370,156.877560 -1.136060,164.510810 8.056930,58.271750 3.923360,114.444860 2.560910,94.061250
-9.588000,178.171810 -7.657630,48.214320 4.828100,173.724750 -3.947610,170.876090 -3.778630,146.711780 1.852670,179.887160
2.368100,144.327720 -4.862260,65.777340 3.347710,146.490870 9.668890,38.118720 -9.855890,71.135520 -5.379180,79.751800 -1.251820,82.636910
6.637040,124.126390 4.377940,135.276600 -4.926230,5.351400 0.033810,148.404970 -8.740120,59.839610 8.353360,3.182340 3.708170,123.936860 -5.362390,111.203320 4.646980,19.112870 -6.046700,170.453530 -4.936210,109.088790 8.744990,166.836040 -7.942780,126.786090 -6.328160,69.812560 6.135720,169.895750
2.438280,139.166200 -4.014590,63.292050 -2.957570,33.103270 3.414590,106.486570 1.289220,96.477820 -2.439740,53.976390 -9.605180,25.082310
-1.398960,165.080740 8.283980,61.614840 -3.461490,45.124260 0.131270,101.016820 2.710810,173.519760 1.526010,65.772650 3.567340,175.994840 -8.962450,122.245300 8.102130,40.868640 -0.060760,95.881570 2.122810,131.524520 -8.619410,72.730470 1.301290,100.250150 5.852860,59.788260 6.872880,83.993100 0.147140,34.563390 2.598140,27.867700
-0.209640,79.559800 6.169060,108.409580 9.798950,166.690950 -4.471050,53.099730 -8.671680,145.206030 -5.731050,35.555560 -5.070900,73.766170 -4.822900,125.710120 -3.148070,140.279870 6.237600,104.431080 0.414480,58.801240 1.741020,43.031150 3.302300,22.352790 -0.893020,84.442790 -0.921660,158.465440 -2.958750,15.350770 7.067760,160.920580 -0.414060,22.870790 8.018950,105.861090
4.826910,128.021660 1.643980,65.665510 -0.119860,58.432190 1.997530,25.537650 2.160080,118.060800 -3.397280,11.008230 -9.680450,19.124320 -7.664250,178.159030 -9.884260,172.816520
-3.357330,150.851870 -9.329370,121.683000 -0.135460,14.002180 6.775670,93.881130 -9.841540,64.733960 -8.958500,73.805930 4.038730,143.036510 9.057180,73.997760 5.448340,133.816940 5.832140,54.483340
