0.68996 23
2.50904 10
30.02654 31
9.04053 15
2.00104 20
2.40448 5
24.55834 27
5.42760 17
0.70880 5
11.80299 13
8.08657 27
0.21330 7
1.92181 3
7.75008 28
26.98968 33
21.77076 33
0.93305 36
10.58460 24
8.71347 21
29.91802 32
2.79297 4
7.42467 10
10.07241 16
2.35549 22
0.41736 12
0.18505 16
18.06485 32
18.68845 33
5.86288 10
4.31520 25
5.32849 8
3.07143 10
8.18572 23
1.84816 26
11.33639 29
15.94034 20
1.12500 2
19.29728 31
3.00719 26
18.09401 27
8.30456 9
0.81250 2
11.37748 17
3.99380 11
1.23299 11
20.92324 32
1.94166 21
9.18947 14
0.28125 2
3.32523 27
5.08289 20
2.28684 7
6.36973 10
29.18482 33
10.80749 14
9.99042 29
4.26797 8
19.73941 28
11.66424 29
5.03963 7
6.40640 10
12.61906 35
2.95948 16
8.58014 23
3.66943 29
12.22061 17
0.88286 9
15.40341 19
17.22084 21
2.67095 29
4.74693 17
2.46663 34
14.21157 19
4.65965 22
2.10057 6
17.65004 28
17.19324 24
8.80137 32
6.17102 21
0.84954 6
5.63473 9
6.45981 7
23.56596 24
10.43435 32
4.73516 32
4.89639 16
9.02538 30
3.35888 32
0.35565 23
3.83853 8
4.28186 33
0.66300 32
9.23986 24
14.73794 17
9.70267 13
9.33472 17
23.37060 27
3.98040 21
35.66104 36
3.93564 28
