0.68996
2.50904
30.02654
9.04053
2.00104
2.40448
24.55834
5.42760
0.70880
11.80299
8.08657
0.21330
1.92181
7.75008
26.98968
21.77076
0.93305
10.58460
8.71347
29.91802
2.79297
7.42467
10.07241
2.35549
0.41736
0.18505
18.06485
18.68845
5.86288
4.31520
5.32849
3.07143
8.18572
1.84816
11.33639
15.94034
1.12500
19.29728
3.00719
18.09401
8.30456
0.81250
11.37748
3.99380
1.23299
20.92324
1.94166
9.18947
0.28125
3.32523
5.08289
2.28684
6.36973
29.18482
10.80749
9.99042
4.26797
19.73941
11.66424
5.03963
6.40640
12.61906
2.95948
8.58014
3.66943
12.22061
0.88286
15.40341
17.22084
2.67095
4.74693
2.46663
14.21157
4.65965
2.10057
17.65004
17.19324
8.80137
6.17102
0.84954
5.63473
6.45981
23.56596
10.43435
4.73516
4.89639
9.02538
3.35888
0.35565
3.83853
4.28186
0.66300
9.23986
14.73794
9.70267
9.33472
23.37060
3.98040
35.66104
3.93564
