1 0
0 -1
2 0
1 -2
0 2
1 3
0 -4
-4 -1
4 2
0 -1
-4 -5
1 0
12 1
-3 -1
3 2
0 -5
4 -2
2 2
2 -3
-5 2
-3 -3
0 -12
0 -6
-10 -3
-2 -6
-1 -4
1 -4
3 -1
-3 -4
-11 1
4 1
-3 0
0 2
-3 -1
10 0
-1 -4
-1 6
0 5
-3 -4
-6 0
0 1
9 -2
-4 1
-5 -8
1 0
-5 -3
-4 2
0 -6
1 -7
-7 5
6 -4
10 4
3 -12
6 1
10 -4
-3 1
-6 3
-9 2
3 6
-1 -6
4 1
-3 7
10 1
-11 5
2 4
-3 4
9 -3
-1 1
0 6
-2 -3
-1 4
2 -7
3 -2
1 2
-8 -1
-9 3
-8 1
-1 4
-4 -6
8 -4
-11 -7
7 11
3 -6
-5 -1
-2 -1
-3 4
7 -7
-6 9
9 10
-4 -3
4 -9
2 -6
0 3
0 9
-11 -2
-12 5
-18 -3
-3 -3
13 10
8 9
