Vol - 1
1
1455997197014 1456000797014
1456007997014 1456015197014
1456018797014 1456022397014
1456025997014 1456033197014
1456036797014 1456043997014
1456051197014 1456072797014
1456076397014 1456087197014
1456094397014 1456097997014
1456101597014 1456105197014
1456108797014 1456112397014
1456115997014 1456119597014
1456126797014 1456144797014
1456148397014 1456155597014
1456162797014 1456173597014
1456180797014 1456191597014
1456195197014 1456202397014
1456205997014 1456213197014
1456220397014 1456227597014
1456231197014 1456241997014
1456245597014 1456256397014
1456263597014 1456285197014
1456292397014 1456299597014
1456306797014 1456310397014
1456317597014 1456321197014
1456328397014 1456339197014
1456342797014 1456353597014
1456357197014 1456371597014
1456375197014 1456378797014
1456385997014 1456393197014
1456396797014 1456411197014
1456418397014 1456439997014
1456443597014 1456454397014
1456461597014 1456475997014
1456479597014 1456493997014
1456501197014 1456522797014
1456526397014 1456540797014
1456544397014 1456551597014
1456558797014 1456580397014
1456587597014 1456605597014
1456612797014 1456619997014
1456623597014 1456637997014
1456645197014 1456663197014
1456670397014 1456684797014
1456688397014 1456691997014
1456699197014 1456713597014
1456717197014 1456738797014
1456745997014 1456763997014
1456767597014 1456771197014
1456774797014 1456785597014
1456789197014 1456803597014
1456807197014 1456810797014
1456817997014 1456832397014
1456835997014 1456839597014
1456843197014 1456846797014
1456850397014 1456864797014
1456868397014 1456879197014
1456886397014 1456904397014
1456911597014 1456922397014
1456929597014 1456940397014
1456947597014 1456954797014
1456958397014 1456969197014
1456972797014 1456983597014
1456987197014 1456990797014
1456994397014 1457012397014
1457015997014 1457033997014
1457037597014 1457044797014
1457048397014 1457059197014
1457066397014 1457069997014
