Vol - 10
10
1455997197014 1456015197014
1456018797014 1456022397014
1456029597014 1456033197014
1456036797014 1456043997014
1456051197014 1456072797014
1456076397014 1456083597014
1456087197014 1456097997014
1456101597014 1456105197014
1456108797014 1456130397014
1456137597014 1456148397014
1456155597014 1456173597014
1456180797014 1456195197014
1456202397014 1456209597014
1456213197014 1456216797014
1456220397014 1456234797014
1456241997014 1456249197014
1456252797014 1456270797014
1456277997014 1456288797014
1456295997014 1456310397014
1456317597014 1456328397014
1456335597014 1456346397014
1456349997014 1456357197014
1456364397014 1456385997014
1456393197014 1456396797014
1456400397014 1456418397014
1456425597014 1456447197014
1456450797014 1456461597014
1456468797014 1456472397014
1456475997014 1456486797014
1456490397014 1456508397014
1456511997014 1456526397014
1456529997014 1456547997014
1456555197014 1456573197014
1456576797014 1456598397014
1456605597014 1456616397014
1456623597014 1456637997014
1456641597014 1456652397014
1456655997014 1456673997014
1456677597014 1456681197014
1456684797014 1456688397014
1456695597014 1456702797014
1456709997014 1456717197014
1456720797014 1456738797014
1456745997014 1456756797014
1456763997014 1456778397014
1456785597014 1456799997014
1456803597014 1456814397014
1456821597014 1456832397014
1456839597014 1456846797014
1456850397014 1456871997014
1456875597014 1456879197014
1456882797014 1456904397014
1456911597014 1456922397014
1456925997014 1456940397014
1456943997014 1456958397014
1456961997014 1456972797014
1456979997014 1457001597014
1457008797014 1457023197014
1457030397014 1457048397014
1457055597014 1457059197014
1457066397014 1457087997014
1457091597014 1457113197014
1457120397014 1457141997014
