Vol - 13
13
1455997197014 1456007997014
1456015197014 1456029597014
1456036797014 1456051197014
1456054797014 1456072797014
1456076397014 1456097997014
1456105197014 1456123197014
1456126797014 1456144797014
1456148397014 1456169997014
1456173597014 1456195197014
1456202397014 1456205997014
1456209597014 1456231197014
1456238397014 1456241997014
1456249197014 1456256397014
1456259997014 1456274397014
1456277997014 1456299597014
1456306797014 1456310397014
1456317597014 1456331997014
1456339197014 1456360797014
1456364397014 1456371597014
1456375197014 1456393197014
1456400397014 1456411197014
1456414797014 1456436397014
1456443597014 1456450797014
1456457997014 1456461597014
1456465197014 1456483197014
1456486797014 1456497597014
1456504797014 1456522797014
1456529997014 1456537197014
1456544397014 1456562397014
1456565997014 1456573197014
1456580397014 1456601997014
1456605597014 1456623597014
1456627197014 1456641597014
1456648797014 1456655997014
1456659597014 1456663197014
1456666797014 1456673997014
1456677597014 1456684797014
1456688397014 1456695597014
1456699197014 1456713597014
1456717197014 1456735197014
1456742397014 1456753197014
1456760397014 1456771197014
1456774797014 1456778397014
1456785597014 1456789197014
1456792797014 1456807197014
1456814397014 1456835997014
1456839597014 1456857597014
1456864797014 1456875597014
1456879197014 1456893597014
1456900797014 1456922397014
1456929597014 1456933197014
1456936797014 1456951197014
1456954797014 1456969197014
1456972797014 1456976397014
1456979997014 1456997997014
1457001597014 1457008797014
1457012397014 1457023197014
1457030397014 1457044797014
1457051997014 1457066397014
1457073597014 1457080797014
1457084397014 1457098797014
1457105997014 1457113197014
1457120397014 1457141997014
1457149197014 1457163597014
1457170797014 1457185197014
1457188797014 1457203197014
1457206797014 1457221197014
