Vol - 17
17
1456000797014 1456018797014
1456025997014 1456043997014
1456051197014 1456069197014
1456072797014 1456083597014
1456087197014 1456090797014
1456094397014 1456105197014
1456112397014 1456133997014
1456137597014 1456144797014
1456148397014 1456159197014
1456162797014 1456177197014
1456180797014 1456195197014
1456198797014 1456213197014
1456220397014 1456231197014
1456234797014 1456238397014
1456245597014 1456249197014
1456256397014 1456270797014
1456277997014 1456281597014
1456288797014 1456299597014
1456306797014 1456313997014
1456321197014 1456339197014
1456342797014 1456349997014
1456357197014 1456371597014
1456378797014 1456382397014
1456389597014 1456400397014
1456407597014 1456411197014
1456418397014 1456421997014
1456425597014 1456447197014
1456454397014 1456468797014
1456475997014 1456490397014
1456497597014 1456511997014
1456515597014 1456533597014
1456537197014 1456540797014
1456544397014 1456551597014
1456555197014 1456576797014
1456583997014 1456601997014
1456605597014 1456627197014
1456634397014 1456637997014
1456645197014 1456663197014
1456666797014 1456670397014
1456673997014 1456691997014
1456695597014 1456702797014
1456706397014 1456709997014
1456713597014 1456731597014
1456735197014 1456749597014
1456753197014 1456774797014
1456778397014 1456799997014
1456807197014 1456821597014
1456825197014 1456846797014
1456853997014 1456857597014
1456861197014 1456868397014
1456871997014 1456879197014
1456886397014 1456897197014
1456900797014 1456922397014
1456925997014 1456947597014
1456954797014 1456965597014
1456972797014 1456987197014
1456994397014 1457001597014
1457005197014 1457019597014
1457026797014 1457044797014
1457048397014 1457055597014
1457062797014 1457077197014
1457084397014 1457091597014
1457098797014 1457113197014
1457120397014 1457123997014
1457131197014 1457134797014
1457138397014 1457152797014
1457159997014 1457174397014
1457181597014 1457192397014
1457195997014 1457203197014
1457206797014 1457228397014
1457231997014 1457242797014
