Vol - 18
18
1455997197014 1456007997014
1456011597014 1456022397014
1456029597014 1456051197014
1456058397014 1456065597014
1456072797014 1456076397014
1456079997014 1456094397014
1456101597014 1456105197014
1456112397014 1456126797014
1456133997014 1456144797014
1456151997014 1456166397014
1456169997014 1456173597014
1456177197014 1456187997014
1456195197014 1456198797014
1456205997014 1456213197014
1456220397014 1456223997014
1456227597014 1456238397014
1456241997014 1456263597014
1456267197014 1456270797014
1456274397014 1456281597014
1456285197014 1456299597014
1456306797014 1456328397014
1456335597014 1456349997014
1456353597014 1456371597014
1456378797014 1456393197014
1456396797014 1456418397014
1456421997014 1456443597014
1456450797014 1456454397014
1456461597014 1456468797014
1456472397014 1456486797014
1456493997014 1456515597014
1456519197014 1456540797014
1456544397014 1456551597014
1456555197014 1456569597014
1456573197014 1456576797014
1456583997014 1456605597014
1456609197014 1456619997014
1456627197014 1456645197014
