Vol - 19
19
1456000797014 1456011597014
1456015197014 1456036797014
1456043997014 1456051197014
1456054797014 1456058397014
1456061997014 1456065597014
1456069197014 1456090797014
1456094397014 1456112397014
1456119597014 1456133997014
1456137597014 1456144797014
1456151997014 1456155597014
1456162797014 1456177197014
1456184397014 1456198797014
1456205997014 1456213197014
1456216797014 1456238397014
1456241997014 1456249197014
1456256397014 1456267197014
1456270797014 1456292397014
1456295997014 1456303197014
1456310397014 1456317597014
1456324797014 1456339197014
1456346397014 1456360797014
1456367997014 1456382397014
1456389597014 1456411197014
1456418397014 1456429197014
1456432797014 1456443597014
1456450797014 1456468797014
1456475997014 1456486797014
1456493997014 1456504797014
1456508397014 1456515597014
1456519197014 1456540797014
1456544397014 1456547997014
1456551597014 1456562397014
1456565997014 1456576797014
1456580397014 1456583997014
1456587597014 1456609197014
1456616397014 1456623597014
1456630797014 1456652397014
1456659597014 1456673997014
1456677597014 1456684797014
1456691997014 1456699197014
1456706397014 1456727997014
1456735197014 1456756797014
1456760397014 1456774797014
1456778397014 1456799997014
1456807197014 1456817997014
1456821597014 1456832397014
1456839597014 1456861197014
1456868397014 1456882797014
1456886397014 1456897197014
1456904397014 1456915197014
1456922397014 1456943997014
1456951197014 1456969197014
1456972797014 1456987197014
1456990797014 1457012397014
1457015997014 1457023197014
1457026797014 1457033997014
1457037597014 1457044797014
1457051997014 1457069997014
1457073597014 1457095197014
1457102397014 1457123997014
1457127597014 1457131197014
1457134797014 1457156397014
1457159997014 1457170797014
1457177997014 1457185197014
1457188797014 1457195997014
1457199597014 1457213997014
1457217597014 1457228397014
1457231997014 1457235597014
1457239197014 1457246397014
1457249997014 1457271597014
