Vol - 2
2
1456000797014 1456011597014
1456018797014 1456033197014
1456040397014 1456043997014
1456047597014 1456058397014
1456065597014 1456072797014
1456076397014 1456097997014
1456101597014 1456105197014
1456112397014 1456130397014
1456133997014 1456151997014
1456159197014 1456169997014
1456173597014 1456191597014
1456195197014 1456209597014
1456216797014 1456238397014
1456241997014 1456259997014
1456263597014 1456281597014
1456288797014 1456306797014
1456313997014 1456335597014
1456342797014 1456353597014
1456360797014 1456382397014
1456389597014 1456396797014
1456403997014 1456418397014
1456425597014 1456429197014
1456432797014 1456443597014
1456447197014 1456457997014
1456465197014 1456479597014
1456483197014 1456497597014
1456504797014 1456519197014
1456522797014 1456526397014
1456533597014 1456551597014
1456555197014 1456565997014
1456569597014 1456583997014
1456587597014 1456598397014
1456605597014 1456609197014
1456612797014 1456630797014
1456637997014 1456652397014
1456659597014 1456663197014
1456666797014 1456677597014
1456684797014 1456706397014
1456709997014 1456717197014
1456720797014 1456735197014
