Vol - 21
21
1455997197014 1456000797014
1456004397014 1456018797014
1456025997014 1456047597014
1456054797014 1456061997014
1456069197014 1456079997014
1456083597014 1456101597014
1456108797014 1456112397014
1456115997014 1456137597014
1456141197014 1456159197014
1456162797014 1456173597014
1456177197014 1456180797014
1456184397014 1456205997014
1456209597014 1456216797014
1456223997014 1456234797014
1456238397014 1456259997014
1456263597014 1456270797014
1456277997014 1456292397014
1456295997014 1456306797014
1456310397014 1456328397014
1456331997014 1456339197014
1456342797014 1456346397014
1456349997014 1456357197014
1456360797014 1456367997014
1456371597014 1456375197014
1456378797014 1456389597014
1456393197014 1456400397014
1456407597014 1456429197014
1456436397014 1456447197014
1456454397014 1456461597014
1456468797014 1456472397014
1456479597014 1456497597014
1456504797014 1456515597014
1456522797014 1456526397014
1456529997014 1456551597014
1456555197014 1456562397014
1456569597014 1456591197014
1456594797014 1456612797014
1456616397014 1456637997014
1456645197014 1456655997014
1456659597014 1456670397014
1456673997014 1456681197014
1456688397014 1456699197014
1456702797014 1456717197014
1456724397014 1456745997014
1456749597014 1456753197014
1456756797014 1456774797014
1456778397014 1456789197014
1456796397014 1456799997014
1456803597014 1456810797014
1456817997014 1456828797014
1456835997014 1456857597014
1456861197014 1456879197014
1456886397014 1456897197014
1456904397014 1456922397014
1456929597014 1456951197014
1456954797014 1456969197014
1456972797014 1456987197014
1456994397014 1457015997014
1457019597014 1457041197014
1457048397014 1457055597014
1457059197014 1457062797014
1457066397014 1457087997014
1457091597014 1457102397014
1457109597014 1457116797014
1457120397014 1457123997014
1457127597014 1457149197014
1457152797014 1457170797014
1457177997014 1457199597014
1457206797014 1457228397014
1457235597014 1457253597014
1457260797014 1457275197014
1457282397014 1457296797014
1457300397014 1457318397014
1457321997014 1457329197014
1457332797014 1457336397014
1457339997014 1457357997014
1457365197014 1457386797014
1457390397014 1457411997014
1457415597014 1457422797014
1457426397014 1457440797014
1457447997014 1457458797014
1457465997014 1457480397014
