Vol - 24
24
1455997197014 1456018797014
1456022397014 1456036797014
1456040397014 1456043997014
1456047597014 1456051197014
1456054797014 1456065597014
1456072797014 1456087197014
1456090797014 1456108797014
1456112397014 1456115997014
1456119597014 1456130397014
1456137597014 1456155597014
1456162797014 1456177197014
1456184397014 1456205997014
1456209597014 1456223997014
1456231197014 1456249197014
1456256397014 1456263597014
1456270797014 1456274397014
1456281597014 1456299597014
1456306797014 1456313997014
1456317597014 1456324797014
1456328397014 1456342797014
1456349997014 1456371597014
1456375197014 1456385997014
1456389597014 1456411197014
1456414797014 1456418397014
1456421997014 1456439997014
1456447197014 1456450797014
1456454397014 1456465197014
1456468797014 1456472397014
1456479597014 1456483197014
1456490397014 1456497597014
1456504797014 1456515597014
1456522797014 1456537197014
1456540797014 1456558797014
1456562397014 1456576797014
1456583997014 1456591197014
1456594797014 1456598397014
1456601997014 1456605597014
1456609197014 1456619997014
1456623597014 1456641597014
1456645197014 1456648797014
1456655997014 1456663197014
1456666797014 1456681197014
1456688397014 1456699197014
1456702797014 1456720797014
1456724397014 1456738797014
1456742397014 1456749597014
1456756797014 1456771197014
1456774797014 1456796397014
1456799997014 1456807197014
1456814397014 1456835997014
1456843197014 1456861197014
1456868397014 1456879197014
1456882797014 1456900797014
1456904397014 1456918797014
1456925997014 1456936797014
1456943997014 1456958397014
1456961997014 1456976397014
1456979997014 1456994397014
1456997997014 1457019597014
1457026797014 1457037597014
1457041197014 1457048397014
1457055597014 1457062797014
1457069997014 1457073597014
1457077197014 1457087997014
1457091597014 1457095197014
