Vol - 30
30
1456000797030 1456018797030
1456025997030 1456036797030
1456043997030 1456047597030
1456054797030 1456076397030
1456083597030 1456101597030
1456105197030 1456115997030
1456123197030 1456137597030
1456144797030 1456148397030
1456151997030 1456159197030
1456166397030 1456184397030
1456191597030 1456198797030
1456202397030 1456209597030
1456216797030 1456220397030
1456223997030 1456241997030
1456245597030 1456259997030
1456263597030 1456281597030
1456285197030 1456303197030
1456310397030 1456313997030
1456321197030 1456328397030
1456331997030 1456339197030
1456346397030 1456367997030
1456375197030 1456378797030
1456382397030 1456393197030
1456400397030 1456411197030
1456414797030 1456425597030
1456429197030 1456447197030
1456450797030 1456465197030
1456472397030 1456493997030
1456501197030 1456508397030
1456515597030 1456537197030
1456544397030 1456551597030
1456558797030 1456573197030
1456576797030 1456587597030
1456594797030 1456601997030
1456605597030 1456616397030
1456619997030 1456637997030
1456641597030 1456648797030
1456652397030 1456666797030
1456673997030 1456681197030
1456684797030 1456691997030
1456695597030 1456702797030
1456706397030 1456709997030
1456717197030 1456727997030
1456731597030 1456753197030
