Vol - 31
31
1456000797030 1456011597030
1456015197030 1456036797030
1456043997030 1456054797030
1456061997030 1456072797030
1456076397030 1456094397030
1456097997030 1456105197030
1456108797030 1456130397030
1456137597030 1456148397030
1456155597030 1456166397030
1456169997030 1456191597030
1456195197030 1456198797030
1456205997030 1456213197030
1456220397030 1456231197030
1456234797030 1456241997030
1456249197030 1456267197030
1456274397030 1456285197030
1456288797030 1456310397030
1456313997030 1456317597030
1456324797030 1456346397030
1456349997030 1456364397030
1456367997030 1456371597030
1456378797030 1456396797030
1456403997030 1456421997030
1456429197030 1456450797030
1456454397030 1456472397030
1456475997030 1456497597030
1456501197030 1456522797030
1456529997030 1456540797030
1456547997030 1456558797030
1456562397030 1456576797030
1456580397030 1456594797030
1456601997030 1456612797030
1456619997030 1456627197030
1456634397030 1456648797030
1456652397030 1456659597030
1456666797030 1456684797030
1456688397030 1456699197030
1456702797030 1456724397030
1456727997030 1456745997030
1456753197030 1456774797030
1456778397030 1456799997030
1456807197030 1456817997030
1456825197030 1456843197030
1456846797030 1456861197030
1456868397030 1456886397030
1456893597030 1456900797030
1456907997030 1456929597030
1456936797030 1456943997030
1456951197030 1456961997030
1456965597030 1456969197030
1456976397030 1456987197030
1456990797030 1456994397030
1457001597030 1457012397030
1457015997030 1457033997030
1457037597030 1457041197030
1457048397030 1457066397030
1457073597030 1457084397030
1457087997030 1457098797030
1457105997030 1457109597030
1457113197030 1457127597030
1457131197030 1457145597030
1457152797030 1457159997030
1457167197030 1457177997030
1457181597030 1457195997030
1457199597030 1457221197030
1457228397030 1457249997030
1457257197030 1457271597030
1457278797030 1457293197030
1457296797030 1457303997030
1457311197030 1457318397030
1457325597030 1457332797030
1457336397030 1457357997030
1457365197030 1457386797030
1457390397030 1457404797030
1457408397030 1457419197030
1457426397030 1457437197030
1457440797030 1457447997030
1457455197030 1457476797030
1457483997030 1457505597030
1457509197030 1457530797030
1457534397030 1457555997030
1457563197030 1457570397030
1457573997030 1457588397030
1457595597030 1457602797030
1457609997030 1457620797030
1457624397030 1457631597030
1457638797030 1457645997030
