Vol - 33
33
1456000797030 1456004397030
1456007997030 1456022397030
1456025997030 1456033197030
1456040397030 1456058397030
1456061997030 1456083597030
1456087197030 1456090797030
1456097997030 1456115997030
1456119597030 1456123197030
1456126797030 1456137597030
1456141197030 1456162797030
1456166397030 1456169997030
1456177197030 1456198797030
1456205997030 1456220397030
1456223997030 1456238397030
1456245597030 1456267197030
1456270797030 1456288797030
1456292397030 1456310397030
1456313997030 1456317597030
1456321197030 1456339197030
1456346397030 1456357197030
1456360797030 1456375197030
1456382397030 1456403997030
1456407597030 1456425597030
1456432797030 1456454397030
1456457997030 1456468797030
