Vol - 39
39
1455997197030 1456011597030
1456018797030 1456040397030
1456047597030 1456058397030
1456061997030 1456072797030
1456076397030 1456090797030
1456094397030 1456101597030
1456108797030 1456126797030
1456130397030 1456141197030
1456144797030 1456151997030
1456159197030 1456162797030
1456169997030 1456173597030
1456180797030 1456191597030
1456198797030 1456216797030
1456223997030 1456241997030
1456249197030 1456259997030
1456263597030 1456270797030
1456277997030 1456292397030
1456299597030 1456310397030
1456313997030 1456328397030
1456335597030 1456357197030
1456364397030 1456378797030
1456382397030 1456389597030
1456393197030 1456414797030
1456418397030 1456439997030
1456443597030 1456461597030
1456465197030 1456486797030
1456490397030 1456497597030
1456504797030 1456508397030
1456515597030 1456529997030
1456533597030 1456551597030
1456555197030 1456562397030
1456569597030 1456573197030
1456580397030 1456594797030
1456598397030 1456601997030
1456609197030 1456627197030
1456630797030 1456641597030
1456645197030 1456655997030
1456663197030 1456681197030
1456684797030 1456706397030
1456709997030 1456720797030
1456724397030 1456735197030
1456738797030 1456749597030
1456756797030 1456763997030
1456767597030 1456789197030
1456792797030 1456799997030
1456803597030 1456807197030
1456810797030 1456814397030
1456817997030 1456832397030
1456835997030 1456857597030
1456864797030 1456868397030
1456871997030 1456879197030
1456882797030 1456886397030
1456893597030 1456904397030
1456911597030 1456915197030
1456918797030 1456936797030
1456943997030 1456961997030
1456965597030 1456969197030
