Vol - 41
41
1455997197030 1456004397030
1456007997030 1456022397030
1456025997030 1456047597030
1456051197030 1456065597030
1456069197030 1456072797030
1456079997030 1456097997030
1456101597030 1456108797030
1456112397030 1456123197030
1456126797030 1456148397030
1456151997030 1456173597030
1456180797030 1456187997030
1456195197030 1456198797030
1456205997030 1456223997030
1456227597030 1456231197030
1456234797030 1456245597030
1456249197030 1456256397030
1456263597030 1456270797030
1456274397030 1456281597030
1456285197030 1456303197030
1456310397030 1456331997030
1456339197030 1456349997030
1456353597030 1456367997030
1456371597030 1456389597030
1456396797030 1456403997030
1456407597030 1456414797030
1456418397030 1456425597030
1456429197030 1456443597030
1456450797030 1456472397030
1456475997030 1456497597030
1456501197030 1456519197030
1456526397030 1456540797030
1456544397030 1456565997030
1456569597030 1456583997030
1456591197030 1456598397030
1456605597030 1456627197030
1456630797030 1456645197030
1456648797030 1456655997030
1456663197030 1456681197030
1456688397030 1456699197030
1456706397030 1456727997030
1456735197030 1456749597030
1456756797030 1456778397030
1456785597030 1456792797030
1456796397030 1456803597030
1456807197030 1456810797030
1456814397030 1456817997030
1456825197030 1456839597030
1456843197030 1456857597030
1456864797030 1456871997030
1456879197030 1456886397030
1456889997030 1456893597030
1456900797030 1456918797030
1456925997030 1456929597030
1456936797030 1456958397030
1456965597030 1456983597030
1456987197030 1457008797030
1457012397030 1457015997030
1457019597030 1457041197030
1457048397030 1457051997030
1457055597030 1457073597030
1457080797030 1457087997030
1457091597030 1457113197030
1457116797030 1457134797030
1457138397030 1457156397030
1457163597030 1457185197030
1457192397030 1457206797030
1457213997030 1457228397030
1457235597030 1457242797030
1457249997030 1457271597030
1457275197030 1457289597030
1457296797030 1457303997030
1457311197030 1457329197030
1457332797030 1457336397030
1457339997030 1457354397030
1457361597030 1457365197030
1457368797030 1457372397030
1457375997030 1457390397030
1457397597030 1457419197030
1457426397030 1457447997030
1457451597030 1457462397030
1457465997030 1457483997030
1457491197030 1457494797030
1457501997030 1457519997030
1457527197030 1457534397030
1457541597030 1457552397030
