Vol - 43
43
1456000797030 1456015197030
1456018797030 1456036797030
1456040397030 1456043997030
1456051197030 1456061997030
1456065597030 1456069197030
1456072797030 1456083597030
1456087197030 1456101597030
1456105197030 1456115997030
1456123197030 1456133997030
1456141197030 1456155597030
1456159197030 1456169997030
1456173597030 1456184397030
1456187997030 1456198797030
1456205997030 1456227597030
1456234797030 1456252797030
1456256397030 1456270797030
1456274397030 1456285197030
1456288797030 1456299597030
1456306797030 1456321197030
1456324797030 1456328397030
1456331997030 1456346397030
1456349997030 1456360797030
1456367997030 1456378797030
1456382397030 1456396797030
1456400397030 1456407597030
1456414797030 1456436397030
1456443597030 1456461597030
1456468797030 1456486797030
1456490397030 1456501197030
1456508397030 1456511997030
1456519197030 1456522797030
1456529997030 1456551597030
1456558797030 1456573197030
1456580397030 1456594797030
1456601997030 1456605597030
1456609197030 1456612797030
1456619997030 1456623597030
1456630797030 1456652397030
1456659597030 1456673997030
1456677597030 1456684797030
1456691997030 1456699197030
1456702797030 1456724397030
1456731597030 1456753197030
1456756797030 1456767597030
1456774797030 1456781997030
1456785597030 1456807197030
1456810797030 1456814397030
1456821597030 1456835997030
1456839597030 1456861197030
1456868397030 1456875597030
1456879197030 1456889997030
1456897197030 1456900797030
1456904397030 1456925997030
1456929597030 1456951197030
1456958397030 1456979997030
1456983597030 1456997997030
1457005197030 1457026797030
1457030397030 1457037597030
1457041197030 1457055597030
1457059197030 1457073597030
1457080797030 1457095197030
1457098797030 1457105997030
1457113197030 1457116797030
1457123997030 1457138397030
1457145597030 1457149197030
1457156397030 1457159997030
1457167197030 1457174397030
1457181597030 1457192397030
1457199597030 1457217597030
1457224797030 1457242797030
1457249997030 1457253597030
1457260797030 1457278797030
1457285997030 1457303997030
1457307597030 1457314797030
