Vol - 50
50
1456000797030 1456018797030
1456022397030 1456036797030
1456043997030 1456054797030
1456061997030 1456069197030
1456072797030 1456083597030
1456090797030 1456094397030
1456101597030 1456105197030
1456112397030 1456133997030
1456141197030 1456148397030
1456155597030 1456162797030
1456169997030 1456177197030
1456184397030 1456195197030
1456198797030 1456209597030
1456213197030 1456223997030
1456227597030 1456249197030
1456252797030 1456267197030
1456270797030 1456292397030
1456295997030 1456313997030
1456321197030 1456335597030
1456339197030 1456357197030
1456360797030 1456378797030
1456382397030 1456393197030
1456400397030 1456407597030
1456414797030 1456421997030
1456429197030 1456432797030
1456439997030 1456443597030
1456447197030 1456461597030
1456468797030 1456490397030
1456493997030 1456504797030
1456508397030 1456526397030
1456529997030 1456551597030
1456558797030 1456569597030
1456573197030 1456583997030
1456587597030 1456601997030
1456609197030 1456623597030
1456627197030 1456634397030
1456641597030 1456655997030
1456659597030 1456673997030
1456677597030 1456688397030
1456695597030 1456717197030
1456724397030 1456735197030
1456742397030 1456763997030
1456767597030 1456774797030
1456781997030 1456799997030
1456803597030 1456810797030
1456817997030 1456835997030
1456839597030 1456850397030
1456857597030 1456875597030
1456882797030 1456886397030
1456893597030 1456904397030
1456907997030 1456922397030
1456929597030 1456936797030
1456943997030 1456965597030
1456969197030 1456972797030
1456976397030 1456994397030
1457001597030 1457019597030
1457023197030 1457041197030
1457048397030 1457051997030
1457059197030 1457062797030
1457066397030 1457073597030
1457080797030 1457095197030
1457098797030 1457120397030
1457123997030 1457127597030
1457131197030 1457152797030
1457156397030 1457170797030
1457174397030 1457192397030
1457195997030 1457213997030
1457217597030 1457221197030
1457228397030 1457239197030
1457246397030 1457253597030
1457257197030 1457264397030
1457267997030 1457271597030
1457278797030 1457293197030
1457296797030 1457300397030
1457307597030 1457314797030
1457321997030 1457339997030
1457347197030 1457357997030
