Vol - 52
52
1455997197030 1456015197030
1456018797030 1456025997030
1456029597030 1456047597030
1456051197030 1456058397030
1456061997030 1456079997030
1456083597030 1456097997030
1456101597030 1456119597030
1456123197030 1456130397030
1456137597030 1456141197030
1456148397030 1456159197030
1456162797030 1456173597030
1456180797030 1456195197030
1456202397030 1456209597030
1456213197030 1456227597030
1456234797030 1456249197030
1456252797030 1456263597030
1456267197030 1456274397030
1456277997030 1456288797030
1456295997030 1456303197030
1456306797030 1456328397030
1456331997030 1456342797030
1456346397030 1456360797030
1456367997030 1456375197030
1456382397030 1456389597030
1456393197030 1456403997030
1456411197030 1456414797030
1456421997030 1456443597030
1456450797030 1456454397030
1456461597030 1456468797030
1456475997030 1456483197030
1456490397030 1456504797030
1456511997030 1456522797030
1456529997030 1456544397030
1456547997030 1456558797030
1456565997030 1456573197030
1456580397030 1456583997030
1456587597030 1456591197030
1456598397030 1456601997030
1456605597030 1456627197030
1456630797030 1456645197030
1456648797030 1456666797030
1456673997030 1456681197030
1456688397030 1456699197030
1456702797030 1456720797030
1456724397030 1456738797030
1456745997030 1456760397030
1456763997030 1456767597030
1456774797030 1456792797030
1456796397030 1456817997030
1456821597030 1456832397030
1456839597030 1456846797030
1456853997030 1456861197030
1456864797030 1456871997030
1456879197030 1456886397030
1456889997030 1456911597030
1456918797030 1456940397030
1456947597030 1456969197030
1456972797030 1456994397030
1456997997030 1457008797030
1457015997030 1457030397030
1457033997030 1457048397030
1457055597030 1457069997030
1457077197030 1457095197030
1457102397030 1457113197030
1457116797030 1457120397030
1457127597030 1457145597030
1457149197030 1457170797030
1457174397030 1457181597030
1457188797030 1457195997030
1457199597030 1457221197030
1457224797030 1457228397030
1457235597030 1457249997030
1457257197030 1457260797030
1457267997030 1457289597030
1457296797030 1457314797030
1457321997030 1457325597030
1457329197030 1457339997030
1457347197030 1457350797030
1457357997030 1457361597030
1457365197030 1457372397030
1457379597030 1457383197030
1457390397030 1457393997030
1457397597030 1457404797030
1457411997030 1457429997030
