Vol - 54
54
1455997197030 1456004397030
1456007997030 1456022397030
1456029597030 1456033197030
1456036797030 1456043997030
1456051197030 1456058397030
1456061997030 1456072797030
1456076397030 1456087197030
1456090797030 1456105197030
1456112397030 1456119597030
1456126797030 1456133997030
1456141197030 1456155597030
1456162797030 1456169997030
1456173597030 1456180797030
1456184397030 1456205997030
1456209597030 1456231197030
1456234797030 1456256397030
1456263597030 1456285197030
1456288797030 1456310397030
1456313997030 1456317597030
1456321197030 1456328397030
1456335597030 1456342797030
1456349997030 1456357197030
1456360797030 1456371597030
1456378797030 1456400397030
1456403997030 1456421997030
1456425597030 1456439997030
1456443597030 1456461597030
1456465197030 1456486797030
1456490397030 1456493997030
1456497597030 1456508397030
1456511997030 1456519197030
1456526397030 1456537197030
1456540797030 1456555197030
1456558797030 1456580397030
1456587597030 1456601997030
1456605597030 1456623597030
1456630797030 1456652397030
1456655997030 1456663197030
1456666797030 1456688397030
1456695597030 1456706397030
1456713597030 1456731597030
1456738797030 1456745997030
1456753197030 1456756797030
1456760397030 1456774797030
1456781997030 1456796397030
1456803597030 1456825197030
1456832397030 1456853997030
1456857597030 1456879197030
1456882797030 1456900797030
1456907997030 1456929597030
1456936797030 1456943997030
1456947597030 1456958397030
1456961997030 1456983597030
1456990797030 1456994397030
1456997997030 1457008797030
1457015997030 1457026797030
1457030397030 1457033997030
1457041197030 1457048397030
1457051997030 1457069997030
1457073597030 1457084397030
1457091597030 1457102397030
1457109597030 1457123997030
