Vol - 55
55
1456000797030 1456018797030
1456025997030 1456047597030
1456054797030 1456065597030
1456069197030 1456079997030
1456083597030 1456105197030
1456108797030 1456126797030
1456133997030 1456155597030
1456159197030 1456162797030
1456169997030 1456180797030
1456187997030 1456205997030
1456209597030 1456231197030
1456234797030 1456252797030
1456259997030 1456263597030
1456270797030 1456277997030
1456281597030 1456295997030
1456299597030 1456310397030
1456313997030 1456335597030
1456342797030 1456357197030
1456364397030 1456378797030
1456385997030 1456393197030
1456396797030 1456418397030
1456421997030 1456436397030
1456439997030 1456457997030
1456461597030 1456475997030
1456483197030 1456497597030
1456501197030 1456515597030
1456522797030 1456533597030
1456540797030 1456551597030
1456555197030 1456573197030
1456576797030 1456583997030
1456587597030 1456605597030
1456609197030 1456630797030
1456634397030 1456655997030
1456659597030 1456681197030
1456688397030 1456699197030
1456706397030 1456727997030
1456731597030 1456745997030
1456753197030 1456771197030
1456774797030 1456792797030
1456796397030 1456814397030
1456817997030 1456825197030
1456828797030 1456843197030
1456850397030 1456857597030
1456861197030 1456871997030
1456879197030 1456893597030
1456900797030 1456911597030
1456918797030 1456936797030
1456940397030 1456951197030
1456958397030 1456976397030
1456979997030 1456990797030
1456997997030 1457005197030
