Vol - 59
59
1456000797030 1456004397030
1456007997030 1456011597030
1456015197030 1456036797030
1456043997030 1456065597030
1456069197030 1456087197030
1456090797030 1456108797030
1456115997030 1456137597030
1456144797030 1456162797030
1456166397030 1456184397030
1456187997030 1456191597030
1456198797030 1456216797030
1456223997030 1456231197030
1456234797030 1456256397030
1456259997030 1456274397030
1456277997030 1456292397030
1456299597030 1456321197030
1456328397030 1456349997030
1456353597030 1456357197030
1456364397030 1456367997030
1456375197030 1456389597030
1456393197030 1456396797030
1456400397030 1456403997030
1456407597030 1456421997030
1456429197030 1456450797030
1456454397030 1456472397030
1456479597030 1456497597030
1456501197030 1456515597030
1456519197030 1456533597030
1456537197030 1456547997030
1456555197030 1456558797030
1456565997030 1456573197030
1456576797030 1456587597030
1456591197030 1456612797030
1456619997030 1456623597030
1456627197030 1456630797030
1456634397030 1456652397030
1456655997030 1456659597030
1456663197030 1456670397030
1456673997030 1456677597030
1456684797030 1456688397030
1456695597030 1456706397030
