Vol - 74
74
1456000797030 1456007997030
1456011597030 1456033197030
1456040397030 1456054797030
1456061997030 1456079997030
1456083597030 1456101597030
1456105197030 1456112397030
1456115997030 1456130397030
1456133997030 1456141197030
1456148397030 1456169997030
1456173597030 1456177197030
1456184397030 1456205997030
1456209597030 1456213197030
1456220397030 1456231197030
1456238397030 1456252797030
1456256397030 1456259997030
1456263597030 1456267197030
1456274397030 1456281597030
1456288797030 1456295997030
1456303197030 1456306797030
1456310397030 1456324797030
1456328397030 1456342797030
1456349997030 1456364397030
1456371597030 1456378797030
1456385997030 1456403997030
1456411197030 1456414797030
1456418397030 1456432797030
1456436397030 1456447197030
1456454397030 1456461597030
1456465197030 1456475997030
1456479597030 1456497597030
1456504797030 1456519197030
1456522797030 1456540797030
1456544397030 1456562397030
1456565997030 1456569597030
1456576797030 1456598397030
1456601997030 1456619997030
1456627197030 1456637997030
1456641597030 1456648797030
1456655997030 1456666797030
1456673997030 1456688397030
1456691997030 1456695597030
1456702797030 1456709997030
1456713597030 1456720797030
1456724397030 1456735197030
1456738797030 1456745997030
1456749597030 1456767597030
1456771197030 1456774797030
1456781997030 1456792797030
1456799997030 1456821597030
1456828797030 1456832397030
1456835997030 1456850397030
1456857597030 1456875597030
1456879197030 1456900797030
1456904397030 1456915197030
1456918797030 1456922397030
1456929597030 1456943997030
1456951197030 1456958397030
1456965597030 1456972797030
1456976397030 1456983597030
1456990797030 1457012397030
1457019597030 1457023197030
