Vol - 75
75
1455997197030 1456000797030
1456004397030 1456015197030
1456022397030 1456040397030
1456043997030 1456058397030
1456065597030 1456069197030
1456072797030 1456079997030
1456087197030 1456094397030
1456097997030 1456105197030
1456112397030 1456133997030
1456137597030 1456141197030
1456148397030 1456155597030
1456159197030 1456180797030
1456187997030 1456205997030
1456209597030 1456216797030
1456223997030 1456227597030
1456231197030 1456241997030
1456249197030 1456263597030
1456270797030 1456288797030
1456292397030 1456313997030
1456321197030 1456331997030
1456339197030 1456349997030
1456353597030 1456360797030
1456364397030 1456367997030
1456375197030 1456385997030
1456389597030 1456403997030
1456407597030 1456425597030
1456429197030 1456432797030
1456436397030 1456447197030
1456454397030 1456472397030
1456475997030 1456483197030
1456486797030 1456497597030
1456504797030 1456508397030
1456511997030 1456522797030
1456526397030 1456540797030
1456547997030 1456565997030
1456569597030 1456576797030
1456580397030 1456591197030
1456594797030 1456598397030
1456601997030 1456616397030
1456619997030 1456634397030
1456641597030 1456652397030
1456655997030 1456673997030
1456677597030 1456688397030
1456695597030 1456713597030
1456717197030 1456738797030
1456742397030 1456763997030
1456767597030 1456785597030
1456792797030 1456807197030
1456810797030 1456821597030
1456828797030 1456843197030
1456846797030 1456861197030
1456868397030 1456879197030
1456882797030 1456900797030
1456907997030 1456911597030
1456915197030 1456925997030
1456933197030 1456947597030
1456951197030 1456961997030
1456965597030 1456983597030
1456987197030 1456997997030
1457001597030 1457019597030
1457026797030 1457048397030
1457055597030 1457062797030
1457069997030 1457073597030
1457080797030 1457084397030
1457091597030 1457095197030
1457102397030 1457123997030
1457131197030 1457149197030
1457152797030 1457163597030
1457167197030 1457188797030
1457195997030 1457203197030
1457206797030 1457217597030
1457221197030 1457235597030
1457239197030 1457246397030
1457253597030 1457267997030
1457271597030 1457285997030
1457293197030 1457296797030
1457300397030 1457318397030
1457321997030 1457343597030
1457350797030 1457357997030
1457361597030 1457368797030
1457372397030 1457393997030
1457397597030 1457401197030
1457404797030 1457426397030
1457429997030 1457444397030
1457451597030 1457469597030
1457476797030 1457480397030
1457487597030 1457501997030
1457509197030 1457527197030
1457534397030 1457548797030
1457555997030 1457563197030
1457570397030 1457584797030
1457591997030 1457595597030
1457599197030 1457602797030
1457609997030 1457627997030
1457635197030 1457656797030
1457660397030 1457663997030
1457667597030 1457671197030
1457674797030 1457696397030
1457703597030 1457725197030
