Vol - 78
78
1455997197030 1456000797030
1456004397030 1456011597030
1456018797030 1456036797030
1456043997030 1456065597030
1456069197030 1456083597030
1456090797030 1456097997030
1456105197030 1456108797030
1456112397030 1456126797030
1456130397030 1456133997030
1456141197030 1456144797030
1456148397030 1456162797030
1456166397030 1456187997030
1456195197030 1456198797030
1456205997030 1456223997030
1456227597030 1456234797030
1456241997030 1456252797030
1456259997030 1456281597030
1456288797030 1456292397030
