Vol - 82
82
1455997197030 1456007997030
1456011597030 1456025997030
1456029597030 1456043997030
1456051197030 1456065597030
1456069197030 1456076397030
1456083597030 1456097997030
1456105197030 1456112397030
1456115997030 1456123197030
1456126797030 1456137597030
1456141197030 1456155597030
1456162797030 1456180797030
1456184397030 1456195197030
1456198797030 1456205997030
1456209597030 1456213197030
1456216797030 1456234797030
1456238397030 1456245597030
1456249197030 1456267197030
1456270797030 1456285197030
1456288797030 1456299597030
1456303197030 1456306797030
1456313997030 1456328397030
1456331997030 1456342797030
1456346397030 1456349997030
1456353597030 1456375197030
1456382397030 1456385997030
1456389597030 1456403997030
1456411197030 1456414797030
1456418397030 1456425597030
1456429197030 1456447197030
1456450797030 1456461597030
1456468797030 1456479597030
1456483197030 1456497597030
1456501197030 1456519197030
1456522797030 1456533597030
1456540797030 1456558797030
1456562397030 1456580397030
1456587597030 1456609197030
1456612797030 1456619997030
1456623597030 1456630797030
1456637997030 1456652397030
1456659597030 1456666797030
1456673997030 1456691997030
1456699197030 1456720797030
1456727997030 1456738797030
1456745997030 1456753197030
1456760397030 1456763997030
1456767597030 1456771197030
1456774797030 1456781997030
1456789197030 1456796397030
1456799997030 1456814397030
1456821597030 1456828797030
1456835997030 1456843197030
1456846797030 1456864797030
1456871997030 1456893597030
1456897197030 1456911597030
1456918797030 1456936797030
1456940397030 1456947597030
1456951197030 1456954797030
1456958397030 1456969197030
1456976397030 1456990797030
1456994397030 1457005197030
1457008797030 1457023197030
1457030397030 1457048397030
1457055597030 1457059197030
