Vol - 83
83
1455997197030 1456004397030
1456011597030 1456015197030
1456022397030 1456043997030
1456051197030 1456054797030
1456058397030 1456061997030
1456069197030 1456076397030
1456083597030 1456094397030
1456097997030 1456119597030
1456126797030 1456141197030
1456148397030 1456155597030
1456159197030 1456166397030
1456169997030 1456177197030
1456180797030 1456187997030
1456191597030 1456198797030
1456205997030 1456209597030
1456216797030 1456223997030
1456231197030 1456245597030
1456249197030 1456267197030
1456274397030 1456292397030
1456299597030 1456321197030
1456328397030 1456346397030
1456353597030 1456367997030
1456371597030 1456375197030
1456382397030 1456403997030
1456407597030 1456421997030
1456425597030 1456436397030
1456443597030 1456465197030
1456468797030 1456475997030
1456479597030 1456483197030
1456486797030 1456508397030
1456511997030 1456519197030
1456522797030 1456537197030
1456540797030 1456562397030
1456565997030 1456573197030
1456576797030 1456594797030
1456598397030 1456605597030
1456609197030 1456630797030
1456637997030 1456652397030
1456659597030 1456681197030
1456688397030 1456695597030
1456702797030 1456720797030
1456727997030 1456738797030
1456745997030 1456756797030
1456763997030 1456767597030
1456771197030 1456792797030
1456796397030 1456814397030
1456817997030 1456825197030
1456832397030 1456843197030
1456850397030 1456857597030
1456864797030 1456875597030
1456879197030 1456893597030
1456900797030 1456915197030
1456918797030 1456922397030
1456929597030 1456940397030
1456947597030 1456954797030
1456958397030 1456979997030
1456987197030 1457001597030
1457008797030 1457030397030
1457033997030 1457044797030
1457051997030 1457055597030
1457062797030 1457084397030
1457087997030 1457095197030
1457098797030 1457102397030
1457109597030 1457123997030
1457131197030 1457149197030
1457156397030 1457159997030
1457163597030 1457170797030
1457177997030 1457199597030
1457206797030 1457210397030
1457217597030 1457235597030
1457242797030 1457253597030
1457260797030 1457271597030
1457278797030 1457296797030
1457303997030 1457318397030
1457325597030 1457339997030
1457343597030 1457361597030
1457368797030 1457372397030
1457379597030 1457386797030
1457393997030 1457397597030
1457404797030 1457419197030
1457422797030 1457433597030
1457440797030 1457458797030
1457465997030 1457480397030
1457487597030 1457494797030
1457498397030 1457509197030
1457516397030 1457530797030
