Vol - 84
84
1455997197030 1456011597030
1456015197030 1456018797030
1456025997030 1456029597030
1456033197030 1456043997030
1456047597030 1456058397030
1456061997030 1456069197030
1456076397030 1456087197030
1456090797030 1456101597030
1456105197030 1456112397030
1456115997030 1456126797030
1456130397030 1456144797030
1456151997030 1456159197030
1456166397030 1456173597030
1456180797030 1456184397030
1456187997030 1456209597030
1456216797030 1456238397030
1456241997030 1456245597030
1456252797030 1456267197030
1456270797030 1456285197030
1456292397030 1456310397030
1456317597030 1456335597030
1456342797030 1456357197030
1456360797030 1456382397030
1456389597030 1456403997030
1456411197030 1456421997030
1456425597030 1456447197030
1456450797030 1456472397030
1456479597030 1456501197030
1456508397030 1456522797030
1456526397030 1456540797030
1456547997030 1456562397030
1456569597030 1456576797030
1456580397030 1456587597030
1456594797030 1456616397030
1456619997030 1456641597030
1456645197030 1456663197030
1456666797030 1456673997030
1456681197030 1456691997030
1456695597030 1456713597030
1456720797030 1456735197030
1456738797030 1456742397030
1456749597030 1456763997030
1456771197030 1456785597030
1456789197030 1456810797030
1456817997030 1456825197030
1456828797030 1456850397030
1456857597030 1456868397030
1456875597030 1456882797030
1456886397030 1456889997030
1456897197030 1456911597030
1456915197030 1456918797030
1456925997030 1456936797030
1456940397030 1456943997030
1456947597030 1456961997030
1456965597030 1456983597030
1456987197030 1457008797030
1457012397030 1457019597030
1457026797030 1457033997030
1457041197030 1457048397030
1457051997030 1457055597030
1457059197030 1457080797030
1457084397030 1457095197030
1457102397030 1457123997030
1457127597030 1457131197030
1457138397030 1457145597030
1457149197030 1457170797030
1457177997030 1457181597030
1457188797030 1457192397030
1457199597030 1457203197030
1457210397030 1457224797030
1457228397030 1457242797030
1457246397030 1457249997030
1457253597030 1457257197030
1457264397030 1457285997030
1457289597030 1457307597030
1457314797030 1457332797030
1457339997030 1457343597030
1457347197030 1457361597030
1457368797030 1457379597030
1457386797030 1457393997030
1457401197030 1457408397030
1457415597030 1457426397030
1457433597030 1457451597030
1457458797030 1457476797030
1457480397030 1457501997030
1457505597030 1457509197030
1457516397030 1457530797030
1457537997030 1457541597030
1457548797030 1457555997030
1457563197030 1457577597030
1457584797030 1457599197030
1457602797030 1457620797030
1457624397030 1457642397030
1457649597030 1457671197030
