Vol - 88
88
1456000797030 1456022397030
1456025997030 1456043997030
1456051197030 1456061997030
1456065597030 1456076397030
1456079997030 1456083597030
1456087197030 1456090797030
1456097997030 1456108797030
1456112397030 1456119597030
1456123197030 1456130397030
1456137597030 1456155597030
1456162797030 1456169997030
1456173597030 1456180797030
1456184397030 1456195197030
1456202397030 1456205997030
1456209597030 1456231197030
1456238397030 1456241997030
1456245597030 1456256397030
1456263597030 1456270797030
1456277997030 1456295997030
1456299597030 1456310397030
1456317597030 1456324797030
1456331997030 1456349997030
1456357197030 1456360797030
1456367997030 1456371597030
1456378797030 1456400397030
1456403997030 1456407597030
1456414797030 1456429197030
1456436397030 1456443597030
1456450797030 1456461597030
1456465197030 1456483197030
1456490397030 1456504797030
1456511997030 1456529997030
1456533597030 1456555197030
1456562397030 1456573197030
1456576797030 1456591197030
1456594797030 1456612797030
1456616397030 1456630797030
1456637997030 1456655997030
1456659597030 1456666797030
1456673997030 1456681197030
1456688397030 1456709997030
1456713597030 1456717197030
1456724397030 1456731597030
1456735197030 1456749597030
1456753197030 1456763997030
1456771197030 1456778397030
1456785597030 1456803597030
1456810797030 1456832397030
1456835997030 1456843197030
1456850397030 1456853997030
1456857597030 1456875597030
1456882797030 1456897197030
1456904397030 1456922397030
1456925997030 1456929597030
1456936797030 1456947597030
1456954797030 1456972797030
1456979997030 1456994397030
1457001597030 1457015997030
1457023197030 1457026797030
1457033997030 1457055597030
1457062797030 1457069997030
