Vol - 89
89
1456000797030 1456004397030
1456007997030 1456025997030
1456033197030 1456047597030
1456054797030 1456061997030
1456065597030 1456076397030
1456083597030 1456090797030
1456094397030 1456097997030
1456105197030 1456108797030
1456115997030 1456133997030
1456137597030 1456155597030
1456159197030 1456166397030
1456169997030 1456184397030
1456187997030 1456191597030
1456195197030 1456209597030
1456216797030 1456223997030
1456227597030 1456238397030
1456245597030 1456249197030
1456252797030 1456256397030
1456263597030 1456267197030
1456270797030 1456281597030
1456288797030 1456295997030
1456303197030 1456321197030
1456324797030 1456346397030
1456349997030 1456371597030
1456378797030 1456382397030
1456389597030 1456396797030
1456400397030 1456411197030
1456414797030 1456429197030
1456432797030 1456450797030
1456454397030 1456475997030
1456483197030 1456486797030
1456490397030 1456511997030
1456515597030 1456529997030
1456533597030 1456547997030
1456555197030 1456573197030
1456580397030 1456601997030
1456609197030 1456627197030
1456634397030 1456637997030
1456645197030 1456659597030
1456666797030 1456688397030
1456695597030 1456717197030
1456724397030 1456735197030
1456742397030 1456756797030
1456763997030 1456771197030
1456778397030 1456799997030
1456807197030 1456825197030
1456832397030 1456835997030
1456843197030 1456861197030
1456868397030 1456882797030
1456886397030 1456889997030
1456893597030 1456907997030
1456911597030 1456933197030
1456936797030 1456947597030
1456954797030 1456965597030
1456972797030 1456979997030
1456983597030 1456987197030
1456994397030 1457001597030
1457005197030 1457023197030
1457030397030 1457033997030
1457041197030 1457059197030
1457066397030 1457080797030
1457084397030 1457102397030
1457105997030 1457116797030
1457120397030 1457141997030
1457145597030 1457167197030
1457174397030 1457177997030
1457181597030 1457195997030
1457203197030 1457221197030
1457224797030 1457228397030
1457231997030 1457235597030
1457242797030 1457246397030
1457249997030 1457257197030
1457260797030 1457278797030
1457285997030 1457293197030
1457296797030 1457303997030
1457307597030 1457311197030
1457314797030 1457329197030
1457332797030 1457354397030
1457361597030 1457383197030
1457386797030 1457404797030
1457411997030 1457433597030
1457440797030 1457462397030
1457465997030 1457480397030
1457483997030 1457487597030
1457491197030 1457509197030
1457512797030 1457527197030
1457534397030 1457548797030
1457552397030 1457573997030
1457581197030 1457588397030
