Vol - 92
92
1456000797030 1456007997030
1456015197030 1456033197030
1456040397030 1456058397030
1456065597030 1456069197030
1456072797030 1456090797030
1456094397030 1456108797030
1456115997030 1456137597030
1456141197030 1456159197030
1456166397030 1456169997030
1456177197030 1456195197030
1456202397030 1456216797030
1456220397030 1456227597030
1456231197030 1456249197030
1456256397030 1456267197030
1456274397030 1456292397030
1456299597030 1456303197030
1456306797030 1456313997030
1456321197030 1456324797030
1456331997030 1456335597030
1456339197030 1456346397030
1456353597030 1456375197030
1456382397030 1456396797030
1456400397030 1456414797030
1456421997030 1456439997030
1456443597030 1456447197030
1456454397030 1456475997030
1456483197030 1456497597030
1456504797030 1456526397030
1456529997030 1456540797030
1456547997030 1456555197030
1456558797030 1456576797030
