Vol - 95
95
1455997197030 1456018797030
1456025997030 1456040397030
1456043997030 1456058397030
1456061997030 1456065597030
1456069197030 1456090797030
1456094397030 1456097997030
1456105197030 1456123197030
1456130397030 1456148397030
1456151997030 1456159197030
1456162797030 1456180797030
1456187997030 1456205997030
1456213197030 1456231197030
1456234797030 1456252797030
1456256397030 1456270797030
1456274397030 1456295997030
1456303197030 1456317597030
1456324797030 1456346397030
1456349997030 1456367997030
1456375197030 1456378797030
1456385997030 1456389597030
1456396797030 1456407597030
1456414797030 1456436397030
1456439997030 1456461597030
1456468797030 1456490397030
1456493997030 1456504797030
1456511997030 1456522797030
1456529997030 1456544397030
1456547997030 1456565997030
1456573197030 1456591197030
1456598397030 1456605597030
1456609197030 1456627197030
1456630797030 1456652397030
1456655997030 1456659597030
1456666797030 1456670397030
1456673997030 1456688397030
1456691997030 1456706397030
1456713597030 1456717197030
1456724397030 1456731597030
1456738797030 1456745997030
1456749597030 1456760397030
1456767597030 1456789197030
1456792797030 1456803597030
1456810797030 1456817997030
1456821597030 1456843197030
1456846797030 1456864797030
1456871997030 1456889997030
1456897197030 1456904397030
1456911597030 1456933197030
1456940397030 1456943997030
1456947597030 1456961997030
1456965597030 1456987197030
1456990797030 1457012397030
1457015997030 1457023197030
1457030397030 1457051997030
1457059197030 1457080797030
1457084397030 1457095197030
1457102397030 1457116797030
1457123997030 1457145597030
1457152797030 1457174397030
1457177997030 1457192397030
1457199597030 1457217597030
1457224797030 1457239197030
1457242797030 1457249997030
1457253597030 1457267997030
1457271597030 1457285997030
1457293197030 1457303997030
1457307597030 1457329197030
1457332797030 1457343597030
1457347197030 1457357997030
1457361597030 1457375997030
1457383197030 1457390397030
1457393997030 1457415597030
1457419197030 1457429997030
1457437197030 1457455197030
1457462397030 1457483997030
1457491197030 1457494797030
1457498397030 1457516397030
1457519997030 1457530797030
1457534397030 1457541597030
1457545197030 1457559597030
1457566797030 1457577597030
1457584797030 1457588397030
1457595597030 1457606397030
1457613597030 1457627997030
1457635197030 1457645997030
1457653197030 1457656797030
1457663997030 1457678397030
1457681997030 1457685597030
1457689197030 1457703597030
1457710797030 1457717997030
1457721597030 1457732397030
1457735997030 1457743197030
1457750397030 1457753997030
1457761197030 1457764797030
1457768397030 1457786397030
1457789997030 1457797197030
1457800797030 1457807997030
1457815197030 1457836797030
1457843997030 1457865597030
