Vol - 96
96
1455997197030 1456007997030
1456011597030 1456029597030
1456036797030 1456058397030
1456065597030 1456083597030
1456087197030 1456097997030
1456105197030 1456115997030
1456123197030 1456133997030
1456137597030 1456148397030
1456151997030 1456155597030
1456159197030 1456169997030
1456177197030 1456187997030
1456191597030 1456213197030
1456220397030 1456241997030
1456245597030 1456263597030
1456270797030 1456277997030
1456281597030 1456295997030
1456299597030 1456313997030
1456321197030 1456324797030
1456328397030 1456346397030
1456349997030 1456364397030
1456371597030 1456375197030
1456382397030 1456385997030
1456393197030 1456411197030
1456418397030 1456429197030
1456436397030 1456457997030
1456465197030 1456472397030
1456475997030 1456483197030
1456490397030 1456504797030
1456511997030 1456529997030
1456537197030 1456555197030
1456562397030 1456569597030
1456576797030 1456598397030
1456601997030 1456623597030
1456627197030 1456637997030
1456641597030 1456648797030
1456655997030 1456663197030
1456666797030 1456681197030
1456684797030 1456699197030
1456706397030 1456720797030
1456724397030 1456727997030
1456735197030 1456749597030
1456756797030 1456778397030
1456781997030 1456796397030
1456803597030 1456814397030
1456817997030 1456828797030
1456835997030 1456857597030
1456864797030 1456886397030
1456893597030 1456900797030
1456907997030 1456929597030
1456933197030 1456943997030
1456951197030 1456961997030
1456969197030 1456983597030
1456990797030 1456997997030
1457001597030 1457012397030
1457015997030 1457019597030
1457026797030 1457030397030
1457033997030 1457048397030
1457051997030 1457073597030
1457080797030 1457084397030
1457087997030 1457109597030
1457116797030 1457127597030
1457131197030 1457134797030
1457138397030 1457156397030
1457159997030 1457177997030
1457185197030 1457203197030
1457210397030 1457228397030
1457231997030 1457253597030
1457257197030 1457264397030
1457267997030 1457282397030
1457285997030 1457303997030
1457311197030 1457314797030
1457318397030 1457321997030
1457325597030 1457343597030
1457347197030 1457365197030
1457372397030 1457379597030
1457383197030 1457404797030
