Vol - 0
0
1455997140000 1456011540000
1456015140000 1456036740000
1456040340000 1456043940000
1456051140000 1456054740000
1456061940000 1456076340000
1456079940000 1456097940000
1456105140000 1456108740000
1456112340000 1456123140000
1456130340000 1456133940000
1456141140000 1456151940000
1456155540000 1456159140000
1456166340000 1456169940000
1456173540000 1456191540000
1456198740000 1456213140000
1456216740000 1456231140000
1456234740000 1456249140000
1456252740000 1456256340000
1456263540000 1456285140000
1456288740000 1456292340000
1456295940000 1456313940000
1456317540000 1456335540000
1456342740000 1456353540000
1456357140000 1456378740000
1456385940000 1456403940000
1456411140000 1456418340000
1456425540000 1456432740000
1456436340000 1456447140000
1456450740000 1456454340000
1456457940000 1456465140000
1456468740000 1456486740000
1456490340000 1456497540000
1456504740000 1456508340000
1456515540000 1456537140000
1456540740000 1456544340000
1456551540000 1456562340000
1456565940000 1456583940000
1456587540000 1456591140000
1456598340000 1456616340000
1456623540000 1456645140000
1456652340000 1456655940000
1456659540000 1456663140000
1456666740000 1456681140000
1456684740000 1456699200000
1456702740000 1456724400000
1456702740000 1456724460000
