Vol - 15
15
1455997197014 1456007997014
1456011597014 1456022397014
1456025997014 1456040397014
1456047597014 1456058397014
1456065597014 1456079997014
1456087197014 1456094397014
1456097997014 1456115997014
1456123197014 1456144797014
1456148397014 1456162797014
1456166397014 1456184397014
1456187997014 1456195197014
1456198797014 1456202397014
1456205997014 1456227597014
1456231197014 1456241997014
1456249197014 1456263597014
1456270797014 1456292397014
1456299597014 1456313997014
1456317597014 1456324797014
1456328397014 1456339197014
1456342797014 1456357197014
1456360797014 1456375197014
1456378797014 1456400397014
1456407597014 1456425597014
1456432797014 1456450797014
1456457997014 1456472397014
1456475997014 1456479597014
1456486797014 1456504797014
1456511997014 1456526397014
1456533597014 1456540797014
1456547997014 1456558797014
1456565997014 1456580397014
1456587597014 1456598397014
1456601997014 1456605597014
1456609197014 1456616397014
1456623597014 1456637997014
1456641597014 1456663197014
1456666797014 1456677597014
1456681197014 1456691997014
1456695597014 1456706397014
