Vol - 16
16
1456000797014 1456022397014
1456029597014 1456043997014
1456051197014 1456061997014
1456065597014 1456079997014
1456083597014 1456097997014
1456105197014 1456112397014
1456115997014 1456126797014
1456130397014 1456141197014
1456148397014 1456159197014
1456162797014 1456177197014
1456180797014 1456195197014
1456202397014 1456216797014
1456220397014 1456234797014
1456238397014 1456241997014
1456249197014 1456270797014
1456274397014 1456292397014
1456295997014 1456313997014
1456321197014 1456324797014
1456328397014 1456346397014
1456353597014 1456371597014
1456375197014 1456396797014
1456403997014 1456414797014
1456418397014 1456425597014
1456432797014 1456450797014
1456454397014 1456461597014
1456468797014 1456475997014
1456479597014 1456486797014
