Vol - 22
22
1456000797014 1456018797014
1456022397014 1456029597014
1456033197014 1456036797014
1456043997014 1456051197014
1456054797014 1456076397014
1456079997014 1456090797014
1456097997014 1456105197014
1456108797014 1456119597014
1456126797014 1456137597014
1456144797014 1456155597014
1456162797014 1456173597014
1456180797014 1456191597014
1456198797014 1456220397014
1456223997014 1456231197014
1456234797014 1456256397014
1456259997014 1456281597014
1456285197014 1456306797014
1456313997014 1456335597014
1456339197014 1456357197014
1456364397014 1456371597014
1456378797014 1456393197014
1456400397014 1456403997014
1456411197014 1456418397014
1456421997014 1456439997014
1456443597014 1456450797014
1456454397014 1456468797014
1456475997014 1456479597014
1456486797014 1456490397014
1456493997014 1456504797014
1456508397014 1456515597014
1456519197014 1456522797014
1456529997014 1456544397014
1456551597014 1456562397014
1456569597014 1456583997014
1456587597014 1456598397014
1456605597014 1456616397014
1456623597014 1456637997014
1456645197014 1456655997014
1456659597014 1456663197014
1456670397014 1456688397014
1456691997014 1456706397014
1456713597014 1456724397014
1456727997014 1456738797014
1456745997014 1456763997014
1456767597014 1456771197014
1456774797014 1456789197014
1456796397014 1456807197014
1456810797014 1456828797014
1456835997014 1456850397014
1456857597014 1456861197014
1456868397014 1456886397014
1456889997014 1456893597014
1456897197014 1456911597014
1456915197014 1456925997014
1456929597014 1456943997014
1456951197014 1456954797014
1456961997014 1456979997014
1456983597014 1457005197014
1457008797014 1457019597014
1457023197014 1457037597014
1457044797014 1457066397014
1457073597014 1457077197014
1457084397014 1457087997014
1457095197014 1457098797014
1457102397014 1457113197014
1457120397014 1457123997014
1457131197014 1457134797014
1457138397014 1457145597014
1457152797014 1457170797014
1457177997014 1457199597014
1457203197014 1457224797014
