Vol - 26
26
1455997197014 1456004397014
1456011597014 1456033197014
1456040397014 1456047597014
1456051197014 1456065597014
1456069197014 1456076397014
1456079997014 1456101597014
1456108797014 1456112397014
1456119597014 1456130397014
1456133997014 1456151997014
1456159197014 1456166397014
1456173597014 1456191597014
1456198797014 1456216797014
1456220397014 1456231197014
1456234797014 1456238397014
1456245597014 1456267197014
1456270797014 1456288797014
1456292397014 1456310397014
1456313997014 1456317597014
1456321197014 1456335597014
1456339197014 1456353597014
1456360797014 1456378797014
1456385997014 1456389597014
1456393197014 1456400397014
1456403997014 1456421997014
1456429197014 1456450797014
1456454397014 1456461597014
1456468797014 1456490397014
1456493997014 1456515597014
1456519197014 1456533597014
1456537197014 1456544397014
1456547997014 1456565997014
1456569597014 1456573197014
1456580397014 1456591197014
1456594797014 1456612797014
1456616397014 1456627197014
1456630797014 1456634397014
1456637997014 1456641597014
1456645197014 1456655997014
1456659597014 1456673997014
1456681197014 1456699197014
1456702797014 1456709997014
1456717197014 1456731597014
1456735197014 1456753197014
1456760397014 1456763997014
1456767597014 1456774797014
1456781997014 1456796397014
1456799997014 1456817997014
1456821597014 1456839597014
1456843197014 1456846797014
1456850397014 1456868397014
1456871997014 1456879197014
1456886397014 1456904397014
1456907997014 1456918797014
1456925997014 1456929597014
1456936797014 1456954797014
1456961997014 1456976397014
