Vol - 29
29
1455997197030 1456018797030
1456022397030 1456036797030
1456040397030 1456051197030
1456054797030 1456072797030
1456076397030 1456090797030
1456097997030 1456105197030
1456108797030 1456119597030
1456123197030 1456137597030
1456141197030 1456144797030
1456151997030 1456169997030
1456177197030 1456187997030
1456191597030 1456213197030
1456220397030 1456227597030
1456231197030 1456249197030
1456252797030 1456256397030
1456259997030 1456277997030
1456285197030 1456292397030
1456299597030 1456321197030
1456328397030 1456349997030
1456353597030 1456367997030
1456375197030 1456396797030
1456403997030 1456418397030
1456421997030 1456425597030
1456429197030 1456432797030
1456439997030 1456457997030
1456461597030 1456465197030
1456468797030 1456472397030
1456475997030 1456493997030
1456497597030 1456501197030
1456504797030 1456508397030
1456515597030 1456529997030
1456537197030 1456558797030
1456562397030 1456565997030
1456573197030 1456587597030
1456594797030 1456616397030
1456623597030 1456634397030
1456641597030 1456663197030
1456666797030 1456677597030
1456684797030 1456699197030
1456706397030 1456727997030
1456735197030 1456742397030
1456745997030 1456749597030
1456756797030 1456760397030
1456767597030 1456785597030
1456789197030 1456807197030
1456814397030 1456835997030
1456839597030 1456850397030
1456857597030 1456879197030
1456886397030 1456907997030
1456911597030 1456933197030
1456936797030 1456954797030
1456961997030 1456976397030
1456979997030 1456990797030
1456994397030 1457001597030
1457008797030 1457019597030
1457026797030 1457033997030
1457041197030 1457062797030
1457069997030 1457087997030
1457095197030 1457098797030
1457105997030 1457109597030
1457113197030 1457123997030
1457127597030 1457149197030
1457152797030 1457174397030
1457177997030 1457181597030
1457188797030 1457210397030
1457213997030 1457228397030
1457231997030 1457239197030
1457242797030 1457249997030
1457257197030 1457264397030
1457271597030 1457293197030
1457296797030 1457303997030
1457311197030 1457332797030
1457336397030 1457339997030
1457343597030 1457347197030
1457354397030 1457375997030
1457383197030 1457397597030
1457404797030 1457415597030
1457419197030 1457440797030
1457447997030 1457462397030
1457465997030 1457480397030
1457483997030 1457498397030
1457501997030 1457512797030
1457519997030 1457541597030
1457548797030 1457570397030
1457573997030 1457577597030
1457584797030 1457606397030
