Vol - 3
3
1456000797014 1456011597014
1456015197014 1456022397014
1456025997014 1456043997014
1456051197014 1456065597014
1456069197014 1456072797014
1456076397014 1456090797014
1456097997014 1456108797014
1456115997014 1456119597014
1456123197014 1456130397014
1456133997014 1456137597014
1456144797014 1456148397014
1456151997014 1456155597014
1456159197014 1456169997014
1456177197014 1456191597014
1456195197014 1456202397014
1456205997014 1456216797014
1456220397014 1456241997014
1456245597014 1456263597014
1456270797014 1456292397014
1456299597014 1456303197014
1456306797014 1456310397014
1456313997014 1456321197014
1456328397014 1456335597014
1456342797014 1456360797014
1456367997014 1456385997014
1456389597014 1456407597014
1456411197014 1456414797014
1456418397014 1456436397014
1456443597014 1456447197014
1456454397014 1456465197014
1456472397014 1456493997014
1456501197014 1456504797014
1456511997014 1456526397014
1456529997014 1456551597014
1456555197014 1456558797014
1456562397014 1456573197014
1456576797014 1456583997014
1456587597014 1456605597014
1456609197014 1456627197014
1456634397014 1456641597014
1456645197014 1456663197014
1456670397014 1456677597014
1456684797014 1456695597014
1456702797014 1456709997014
1456717197014 1456724397014
1456731597014 1456753197014
1456760397014 1456778397014
1456785597014 1456799997014
1456807197014 1456814397014
1456817997014 1456832397014
1456835997014 1456839597014
1456843197014 1456857597014
1456861197014 1456864797014
1456868397014 1456875597014
1456879197014 1456900797014
1456907997014 1456918797014
1456925997014 1456947597014
1456954797014 1456965597014
1456969197014 1456979997014
1456987197014 1456990797014
1456994397014 1457008797014
1457012397014 1457015997014
1457019597014 1457030397014
1457037597014 1457059197014
1457066397014 1457080797014
1457087997014 1457098797014
1457102397014 1457113197014
1457120397014 1457134797014
1457141997014 1457163597014
1457170797014 1457181597014
1457188797014 1457195997014
1457203197014 1457221197014
1457224797014 1457242797014
1457246397014 1457264397014
1457271597014 1457278797014
1457282397014 1457293197014
1457296797014 1457303997014
1457307597014 1457325597014
1457332797014 1457339997014
1457343597014 1457357997014
1457361597014 1457375997014
1457383197014 1457393997014
1457397597014 1457401197014
1457404797014 1457415597014
1457419197014 1457437197014
