Vol - 32
32
1456000797030 1456004397030
1456007997030 1456011597030
1456018797030 1456029597030
1456033197030 1456036797030
1456043997030 1456065597030
1456072797030 1456094397030
1456101597030 1456112397030
1456119597030 1456141197030
1456148397030 1456162797030
1456166397030 1456177197030
1456184397030 1456202397030
1456209597030 1456213197030
1456216797030 1456234797030
1456238397030 1456256397030
1456263597030 1456277997030
1456281597030 1456288797030
1456292397030 1456295997030
1456299597030 1456317597030
1456324797030 1456335597030
