Vol - 34
34
1455997197030 1456015197030
1456022397030 1456025997030
1456029597030 1456033197030
1456036797030 1456047597030
1456051197030 1456061997030
1456069197030 1456072797030
1456079997030 1456094397030
1456097997030 1456101597030
1456108797030 1456130397030
1456133997030 1456155597030
1456162797030 1456184397030
1456187997030 1456195197030
1456202397030 1456205997030
1456213197030 1456220397030
1456227597030 1456231197030
1456238397030 1456241997030
1456249197030 1456252797030
1456259997030 1456263597030
1456270797030 1456285197030
1456292397030 1456299597030
1456306797030 1456313997030
1456321197030 1456342797030
1456346397030 1456353597030
1456360797030 1456367997030
1456375197030 1456378797030
1456385997030 1456400397030
1456403997030 1456421997030
1456425597030 1456436397030
1456443597030 1456461597030
1456465197030 1456479597030
1456486797030 1456501197030
1456508397030 1456519197030
1456522797030 1456529997030
1456537197030 1456544397030
1456551597030 1456573197030
1456580397030 1456598397030
1456601997030 1456616397030
1456623597030 1456641597030
1456645197030 1456659597030
1456666797030 1456681197030
1456684797030 1456688397030
1456695597030 1456709997030
1456717197030 1456720797030
1456724397030 1456727997030
1456735197030 1456742397030
1456745997030 1456749597030
1456753197030 1456774797030
1456781997030 1456796397030
1456799997030 1456814397030
1456821597030 1456832397030
1456839597030 1456850397030
1456853997030 1456871997030
1456875597030 1456886397030
1456893597030 1456911597030
1456918797030 1456936797030
1456943997030 1456954797030
1456958397030 1456972797030
1456979997030 1456990797030
1456994397030 1457012397030
1457015997030 1457019597030
1457026797030 1457048397030
1457055597030 1457066397030
1457069997030 1457073597030
1457077197030 1457080797030
1457084397030 1457105997030
1457113197030 1457120397030
1457127597030 1457134797030
1457141997030 1457149197030
1457156397030 1457167197030
1457170797030 1457188797030
1457195997030 1457206797030
1457213997030 1457217597030
1457224797030 1457228397030
1457231997030 1457249997030
1457257197030 1457275197030
1457282397030 1457289597030
1457296797030 1457303997030
1457311197030 1457325597030
1457329197030 1457347197030
1457350797030 1457361597030
1457365197030 1457375997030
1457379597030 1457397597030
1457401197030 1457411997030
1457415597030 1457419197030
1457422797030 1457437197030
