Vol - 35
35
1455997197030 1456011597030
1456015197030 1456033197030
1456036797030 1456047597030
1456054797030 1456061997030
1456069197030 1456072797030
1456079997030 1456097997030
1456101597030 1456119597030
1456126797030 1456137597030
1456141197030 1456159197030
1456166397030 1456187997030
1456195197030 1456216797030
1456220397030 1456231197030
1456234797030 1456245597030
1456252797030 1456274397030
1456277997030 1456285197030
1456292397030 1456313997030
1456321197030 1456324797030
1456328397030 1456342797030
1456349997030 1456364397030
1456367997030 1456382397030
1456389597030 1456400397030
1456403997030 1456421997030
1456425597030 1456436397030
1456443597030 1456454397030
1456461597030 1456465197030
1456472397030 1456479597030
1456486797030 1456490397030
1456493997030 1456515597030
1456519197030 1456537197030
1456540797030 1456544397030
1456551597030 1456565997030
1456573197030 1456580397030
1456583997030 1456587597030
1456591197030 1456612797030
1456616397030 1456623597030
1456630797030 1456648797030
1456655997030 1456659597030
1456666797030 1456681197030
1456688397030 1456702797030
1456709997030 1456717197030
1456724397030 1456727997030
1456731597030 1456745997030
1456749597030 1456760397030
1456763997030 1456778397030
1456785597030 1456799997030
1456807197030 1456821597030
