Vol - 47
47
1455997197030 1456007997030
1456011597030 1456018797030
1456025997030 1456036797030
1456040397030 1456043997030
1456047597030 1456054797030
1456058397030 1456065597030
1456069197030 1456083597030
1456090797030 1456101597030
1456105197030 1456112397030
1456119597030 1456133997030
1456141197030 1456144797030
1456151997030 1456173597030
1456180797030 1456191597030
1456195197030 1456198797030
1456205997030 1456223997030
1456227597030 1456241997030
1456245597030 1456249197030
1456256397030 1456267197030
1456270797030 1456281597030
1456288797030 1456299597030
1456306797030 1456313997030
1456321197030 1456324797030
1456331997030 1456335597030
