Vol - 48
48
1456000797030 1456007997030
1456015197030 1456018797030
1456025997030 1456029597030
1456033197030 1456054797030
1456061997030 1456079997030
1456083597030 1456087197030
1456094397030 1456112397030
1456115997030 1456126797030
1456133997030 1456137597030
1456144797030 1456151997030
1456155597030 1456159197030
1456166397030 1456184397030
1456187997030 1456205997030
1456213197030 1456231197030
1456238397030 1456252797030
1456259997030 1456267197030
1456270797030 1456277997030
1456285197030 1456303197030
1456310397030 1456313997030
1456321197030 1456331997030
1456339197030 1456349997030
1456353597030 1456360797030
1456364397030 1456382397030
1456385997030 1456393197030
1456396797030 1456407597030
1456411197030 1456414797030
1456418397030 1456432797030
1456439997030 1456450797030
1456454397030 1456457997030
1456465197030 1456472397030
1456479597030 1456483197030
1456490397030 1456504797030
1456508397030 1456519197030
1456526397030 1456540797030
1456544397030 1456562397030
1456565997030 1456583997030
1456587597030 1456601997030
1456605597030 1456609197030
1456616397030 1456627197030
1456630797030 1456634397030
1456637997030 1456655997030
1456663197030 1456666797030
1456670397030 1456681197030
1456688397030 1456709997030
1456717197030 1456724397030
1456731597030 1456742397030
1456749597030 1456760397030
1456767597030 1456778397030
1456785597030 1456807197030
1456814397030 1456825197030
1456832397030 1456835997030
1456839597030 1456861197030
1456864797030 1456868397030
1456875597030 1456886397030
1456893597030 1456907997030
1456915197030 1456929597030
1456933197030 1456943997030
1456951197030 1456969197030
1456972797030 1456979997030
1456983597030 1456987197030
1456994397030 1457005197030
1457012397030 1457023197030
1457026797030 1457030397030
1457033997030 1457055597030
1457059197030 1457062797030
1457066397030 1457077197030
1457080797030 1457084397030
1457091597030 1457095197030
1457098797030 1457105997030
1457113197030 1457131197030
1457134797030 1457152797030
1457156397030 1457167197030
1457170797030 1457185197030
1457188797030 1457199597030
1457203197030 1457206797030
1457213997030 1457224797030
1457231997030 1457253597030
1457257197030 1457260797030
1457264397030 1457267997030
1457275197030 1457293197030
