Vol - 49
49
1455997197030 1456015197030
1456018797030 1456040397030
1456047597030 1456051197030
1456054797030 1456069197030
1456076397030 1456090797030
1456094397030 1456097997030
1456101597030 1456123197030
1456126797030 1456130397030
1456133997030 1456137597030
1456144797030 1456162797030
1456166397030 1456169997030
1456173597030 1456195197030
1456198797030 1456205997030
1456213197030 1456216797030
1456223997030 1456227597030
1456231197030 1456249197030
1456256397030 1456259997030
1456263597030 1456274397030
1456277997030 1456281597030
1456288797030 1456292397030
1456295997030 1456313997030
1456317597030 1456324797030
1456331997030 1456342797030
1456346397030 1456364397030
1456371597030 1456393197030
1456400397030 1456418397030
1456421997030 1456436397030
1456443597030 1456457997030
1456465197030 1456468797030
1456475997030 1456483197030
1456490397030 1456493997030
1456501197030 1456508397030
1456511997030 1456533597030
1456537197030 1456558797030
1456565997030 1456587597030
1456594797030 1456601997030
1456609197030 1456612797030
1456616397030 1456623597030
1456630797030 1456648797030
1456652397030 1456655997030
1456659597030 1456677597030
1456684797030 1456695597030
1456702797030 1456720797030
1456724397030 1456745997030
1456753197030 1456763997030
1456771197030 1456774797030
