Vol - 51
51
1456000797030 1456022397030
1456029597030 1456047597030
1456054797030 1456061997030
1456069197030 1456083597030
1456087197030 1456090797030
1456094397030 1456108797030
1456112397030 1456133997030
1456141197030 1456151997030
1456159197030 1456177197030
1456184397030 1456198797030
1456202397030 1456220397030
1456227597030 1456245597030
1456249197030 1456256397030
1456259997030 1456267197030
1456274397030 1456295997030
1456303197030 1456306797030
1456313997030 1456328397030
1456335597030 1456342797030
1456349997030 1456371597030
1456375197030 1456378797030
1456385997030 1456393197030
1456400397030 1456414797030
1456418397030 1456439997030
1456443597030 1456454397030
1456461597030 1456468797030
1456475997030 1456486797030
1456493997030 1456497597030
1456504797030 1456511997030
1456515597030 1456519197030
1456526397030 1456547997030
1456555197030 1456558797030
1456565997030 1456573197030
1456576797030 1456580397030
1456583997030 1456601997030
1456605597030 1456627197030
1456630797030 1456652397030
1456655997030 1456659597030
1456663197030 1456673997030
1456677597030 1456695597030
1456699197030 1456709997030
1456713597030 1456727997030
1456731597030 1456735197030
1456738797030 1456749597030
1456756797030 1456767597030
1456771197030 1456774797030
1456781997030 1456803597030
1456810797030 1456832397030
1456839597030 1456846797030
1456853997030 1456861197030
1456868397030 1456886397030
1456893597030 1456897197030
1456904397030 1456915197030
1456922397030 1456929597030
1456933197030 1456954797030
1456961997030 1456965597030
1456969197030 1456990797030
1456994397030 1456997997030
1457001597030 1457008797030
1457012397030 1457026797030
1457033997030 1457037597030
1457041197030 1457051997030
1457055597030 1457059197030
1457062797030 1457084397030
1457087997030 1457095197030
1457102397030 1457123997030
1457127597030 1457145597030
1457152797030 1457174397030
1457177997030 1457181597030
1457185197030 1457195997030
1457203197030 1457217597030
1457224797030 1457231997030
1457239197030 1457246397030
1457249997030 1457260797030
1457264397030 1457278797030
1457282397030 1457300397030
1457307597030 1457321997030
1457329197030 1457347197030
1457350797030 1457368797030
1457375997030 1457386797030
1457393997030 1457408397030
1457411997030 1457433597030
1457437197030 1457455197030
1457462397030 1457476797030
1457483997030 1457498397030
1457505597030 1457519997030
1457527197030 1457537997030
1457545197030 1457563197030
1457566797030 1457588397030
