Vol - 56
56
1456000797030 1456022397030
1456029597030 1456036797030
1456043997030 1456058397030
1456065597030 1456079997030
1456083597030 1456097997030
1456105197030 1456123197030
1456130397030 1456137597030
1456141197030 1456148397030
1456155597030 1456177197030
1456184397030 1456202397030
1456205997030 1456216797030
1456220397030 1456234797030
1456241997030 1456245597030
1456249197030 1456259997030
1456267197030 1456277997030
1456281597030 1456303197030
1456306797030 1456313997030
1456321197030 1456324797030
1456331997030 1456353597030
1456360797030 1456378797030
1456382397030 1456400397030
1456407597030 1456429197030
1456432797030 1456450797030
1456457997030 1456461597030
1456468797030 1456490397030
1456497597030 1456515597030
1456519197030 1456540797030
1456547997030 1456551597030
1456555197030 1456565997030
1456573197030 1456587597030
1456594797030 1456605597030
1456612797030 1456623597030
1456627197030 1456648797030
1456652397030 1456659597030
1456666797030 1456681197030
1456688397030 1456695597030
1456699197030 1456717197030
1456720797030 1456727997030
1456735197030 1456756797030
1456763997030 1456781997030
1456789197030 1456792797030
1456799997030 1456810797030
1456814397030 1456835997030
1456839597030 1456850397030
1456857597030 1456861197030
1456868397030 1456882797030
1456889997030 1456893597030
1456897197030 1456918797030
1456925997030 1456936797030
1456943997030 1456951197030
1456958397030 1456976397030
1456979997030 1457001597030
1457005197030 1457012397030
1457015997030 1457019597030
1457023197030 1457033997030
1457037597030 1457055597030
1457059197030 1457066397030
1457073597030 1457087997030
1457091597030 1457113197030
1457120397030 1457123997030
1457127597030 1457145597030
1457152797030 1457167197030
1457174397030 1457192397030
1457199597030 1457213997030
1457221197030 1457239197030
1457242797030 1457260797030
1457264397030 1457271597030
1457278797030 1457289597030
1457296797030 1457318397030
1457321997030 1457325597030
1457329197030 1457343597030
1457350797030 1457354397030
1457357997030 1457372397030
1457375997030 1457390397030
1457393997030 1457401197030
1457404797030 1457415597030
1457422797030 1457433597030
1457440797030 1457447997030
1457451597030 1457465997030
1457469597030 1457491197030
1457498397030 1457512797030
1457516397030 1457530797030
