Vol - 57
57
1455997197030 1456015197030
1456022397030 1456029597030
1456033197030 1456036797030
1456043997030 1456047597030
1456051197030 1456069197030
1456076397030 1456094397030
1456101597030 1456108797030
1456115997030 1456123197030
1456126797030 1456137597030
1456141197030 1456144797030
1456151997030 1456159197030
1456166397030 1456184397030
1456187997030 1456205997030
1456209597030 1456227597030
1456234797030 1456241997030
1456249197030 1456256397030
1456259997030 1456267197030
1456270797030 1456274397030
1456277997030 1456281597030
1456288797030 1456299597030
1456303197030 1456317597030
1456324797030 1456331997030
1456335597030 1456339197030
1456342797030 1456349997030
1456357197030 1456367997030
1456371597030 1456385997030
1456389597030 1456400397030
1456407597030 1456429197030
1456436397030 1456457997030
1456461597030 1456465197030
1456468797030 1456483197030
1456490397030 1456504797030
1456511997030 1456519197030
1456526397030 1456529997030
1456537197030 1456555197030
1456562397030 1456573197030
1456580397030 1456587597030
1456591197030 1456601997030
1456605597030 1456619997030
1456623597030 1456627197030
1456634397030 1456641597030
1456645197030 1456648797030
1456652397030 1456655997030
1456663197030 1456673997030
1456681197030 1456699197030
1456706397030 1456717197030
1456724397030 1456745997030
1456749597030 1456771197030
1456774797030 1456792797030
1456796397030 1456799997030
1456807197030 1456817997030
1456825197030 1456835997030
1456843197030 1456857597030
1456864797030 1456879197030
1456882797030 1456886397030
1456893597030 1456911597030
1456915197030 1456918797030
1456922397030 1456929597030
1456936797030 1456940397030
1456943997030 1456951197030
1456954797030 1456965597030
1456969197030 1456987197030
1456994397030 1457012397030
1457015997030 1457033997030
1457037597030 1457055597030
1457062797030 1457069997030
1457077197030 1457095197030
1457102397030 1457123997030
1457131197030 1457141997030
1457145597030 1457152797030
1457156397030 1457163597030
1457170797030 1457181597030
1457188797030 1457195997030
1457199597030 1457206797030
1457213997030 1457217597030
1457224797030 1457235597030
1457242797030 1457260797030
1457264397030 1457275197030
1457278797030 1457296797030
1457303997030 1457307597030
