Vol - 63
63
1455997197030 1456004397030
1456007997030 1456022397030
1456029597030 1456040397030
1456047597030 1456054797030
1456061997030 1456072797030
1456076397030 1456083597030
1456090797030 1456097997030
1456101597030 1456112397030
1456119597030 1456137597030
1456141197030 1456155597030
1456159197030 1456177197030
1456184397030 1456195197030
1456198797030 1456213197030
1456220397030 1456227597030
1456231197030 1456238397030
1456245597030 1456256397030
1456259997030 1456267197030
1456270797030 1456288797030
1456295997030 1456306797030
1456310397030 1456321197030
1456328397030 1456339197030
1456342797030 1456360797030
1456364397030 1456382397030
1456389597030 1456403997030
1456407597030 1456418397030
1456425597030 1456447197030
1456450797030 1456461597030
1456465197030 1456486797030
1456493997030 1456508397030
1456511997030 1456522797030
1456529997030 1456537197030
1456540797030 1456547997030
1456555197030 1456558797030
1456565997030 1456580397030
1456583997030 1456605597030
1456609197030 1456619997030
1456623597030 1456634397030
1456641597030 1456663197030
1456666797030 1456677597030
1456684797030 1456691997030
1456699197030 1456717197030
1456720797030 1456727997030
1456731597030 1456745997030
1456753197030 1456756797030
1456763997030 1456767597030
1456774797030 1456781997030
1456789197030 1456810797030
1456814397030 1456835997030
1456843197030 1456857597030
1456861197030 1456868397030
1456871997030 1456893597030
1456897197030 1456900797030
1456904397030 1456915197030
1456918797030 1456940397030
1456943997030 1456965597030
1456972797030 1456994397030
1456997997030 1457005197030
1457008797030 1457019597030
1457026797030 1457044797030
1457051997030 1457059197030
1457062797030 1457066397030
1457073597030 1457091597030
1457095197030 1457102397030
1457109597030 1457131197030
1457138397030 1457156397030
1457163597030 1457181597030
1457185197030 1457199597030
1457206797030 1457217597030
1457224797030 1457231997030
1457239197030 1457249997030
1457253597030 1457275197030
1457282397030 1457303997030
1457311197030 1457325597030
1457329197030 1457336397030
1457343597030 1457365197030
1457368797030 1457383197030
1457386797030 1457401197030
1457404797030 1457415597030
1457419197030 1457426397030
1457429997030 1457451597030
1457455197030 1457465997030
1457469597030 1457491197030
1457494797030 1457505597030
1457512797030 1457523597030
1457527197030 1457530797030
1457537997030 1457552397030
1457559597030 1457581197030
