Vol - 65
65
1456000797030 1456007997030
1456011597030 1456022397030
1456029597030 1456033197030
1456036797030 1456040397030
1456047597030 1456061997030
1456065597030 1456076397030
1456083597030 1456097997030
1456101597030 1456112397030
1456119597030 1456137597030
1456144797030 1456159197030
1456162797030 1456169997030
1456177197030 1456187997030
1456191597030 1456209597030
1456213197030 1456216797030
1456223997030 1456227597030
1456234797030 1456249197030
1456252797030 1456256397030
1456259997030 1456274397030
1456277997030 1456292397030
1456295997030 1456313997030
1456317597030 1456339197030
1456342797030 1456346397030
1456353597030 1456375197030
1456378797030 1456389597030
1456393197030 1456407597030
1456411197030 1456414797030
1456418397030 1456439997030
1456447197030 1456461597030
1456468797030 1456472397030
1456479597030 1456501197030
1456508397030 1456529997030
1456533597030 1456555197030
1456562397030 1456565997030
1456573197030 1456580397030
1456583997030 1456598397030
1456605597030 1456612797030
1456616397030 1456627197030
1456630797030 1456641597030
1456645197030 1456663197030
1456670397030 1456681197030
1456688397030 1456699197030
1456706397030 1456720797030
1456724397030 1456735197030
1456738797030 1456756797030
1456760397030 1456767597030
1456771197030 1456792797030
1456796397030 1456810797030
1456817997030 1456835997030
1456843197030 1456850397030
1456857597030 1456879197030
1456882797030 1456893597030
1456897197030 1456911597030
1456918797030 1456933197030
1456940397030 1456961997030
1456969197030 1456983597030
1456987197030 1456994397030
1456997997030 1457015997030
1457019597030 1457026797030
1457033997030 1457051997030
1457055597030 1457073597030
1457080797030 1457087997030
1457095197030 1457098797030
1457105997030 1457127597030
1457134797030 1457138397030
1457141997030 1457149197030
1457156397030 1457159997030
1457167197030 1457185197030
1457192397030 1457210397030
1457213997030 1457235597030
1457242797030 1457253597030
1457257197030 1457271597030
1457275197030 1457285997030
1457293197030 1457300397030
1457303997030 1457318397030
1457321997030 1457332797030
1457336397030 1457343597030
1457350797030 1457368797030
1457372397030 1457375997030
1457383197030 1457393997030
1457401197030 1457419197030
1457422797030 1457429997030
1457437197030 1457447997030
