Vol - 68
68
1455997197030 1456004397030
1456011597030 1456025997030
1456033197030 1456054797030
1456058397030 1456065597030
1456069197030 1456090797030
1456097997030 1456112397030
1456115997030 1456130397030
1456133997030 1456155597030
1456159197030 1456162797030
1456166397030 1456169997030
1456177197030 1456180797030
1456187997030 1456202397030
1456205997030 1456213197030
1456216797030 1456227597030
1456234797030 1456245597030
1456252797030 1456274397030
1456277997030 1456295997030
1456303197030 1456306797030
1456310397030 1456328397030
1456335597030 1456342797030
1456349997030 1456353597030
1456357197030 1456375197030
1456382397030 1456393197030
1456396797030 1456407597030
1456414797030 1456429197030
1456436397030 1456450797030
1456454397030 1456468797030
1456475997030 1456497597030
1456501197030 1456522797030
1456526397030 1456540797030
1456544397030 1456551597030
1456555197030 1456573197030
1456580397030 1456583997030
1456591197030 1456594797030
1456598397030 1456605597030
1456609197030 1456623597030
1456627197030 1456641597030
1456648797030 1456666797030
1456673997030 1456688397030
1456691997030 1456709997030
1456717197030 1456727997030
1456735197030 1456756797030
1456760397030 1456781997030
1456789197030 1456792797030
1456796397030 1456817997030
1456825197030 1456835997030
1456843197030 1456846797030
1456850397030 1456853997030
1456857597030 1456875597030
1456879197030 1456889997030
1456893597030 1456911597030
1456915197030 1456925997030
1456929597030 1456933197030
1456936797030 1456943997030
1456947597030 1456958397030
1456961997030 1456969197030
1456972797030 1456987197030
1456994397030 1457005197030
1457008797030 1457012397030
1457019597030 1457023197030
1457030397030 1457044797030
1457051997030 1457066397030
1457073597030 1457091597030
1457095197030 1457113197030
1457116797030 1457123997030
1457127597030 1457138397030
1457141997030 1457156397030
1457163597030 1457167197030
1457174397030 1457195997030
1457203197030 1457210397030
1457217597030 1457221197030
1457228397030 1457249997030
1457257197030 1457275197030
1457282397030 1457303997030
1457307597030 1457329197030
1457336397030 1457357997030
1457365197030 1457372397030
1457375997030 1457393997030
1457401197030 1457408397030
1457411997030 1457426397030
1457433597030 1457437197030
1457440797030 1457455197030
1457458797030 1457465997030
1457469597030 1457491197030
1457494797030 1457505597030
1457509197030 1457523597030
1457527197030 1457548797030
1457555997030 1457577597030
1457581197030 1457591997030
1457599197030 1457613597030
1457617197030 1457627997030
1457635197030 1457656797030
1457660397030 1457671197030
1457674797030 1457696397030
1457703597030 1457721597030
1457725197030 1457743197030
1457746797030 1457757597030
1457764797030 1457782797030
