Vol - 71
71
1455997197030 1456000797030
1456004397030 1456022397030
1456025997030 1456029597030
1456036797030 1456040397030
1456043997030 1456065597030
1456072797030 1456094397030
1456101597030 1456105197030
1456112397030 1456130397030
1456137597030 1456141197030
1456148397030 1456151997030
1456155597030 1456159197030
1456162797030 1456169997030
1456177197030 1456180797030
1456184397030 1456187997030
1456191597030 1456198797030
1456205997030 1456227597030
1456231197030 1456234797030
1456238397030 1456241997030
1456249197030 1456259997030
1456267197030 1456277997030
1456285197030 1456295997030
1456303197030 1456306797030
1456310397030 1456313997030
1456317597030 1456331997030
1456339197030 1456349997030
1456353597030 1456357197030
1456364397030 1456378797030
