Vol - 76
76
1455997197030 1456000797030
1456004397030 1456022397030
1456029597030 1456051197030
1456054797030 1456076397030
1456079997030 1456094397030
1456101597030 1456119597030
1456123197030 1456144797030
1456148397030 1456162797030
1456166397030 1456169997030
1456173597030 1456184397030
1456191597030 1456205997030
1456213197030 1456234797030
1456238397030 1456256397030
1456259997030 1456274397030
1456277997030 1456285197030
1456292397030 1456303197030
1456310397030 1456317597030
1456321197030 1456324797030
1456328397030 1456346397030
1456353597030 1456364397030
1456371597030 1456375197030
1456382397030 1456400397030
1456403997030 1456418397030
1456425597030 1456447197030
1456454397030 1456472397030
1456475997030 1456497597030
1456504797030 1456519197030
1456522797030 1456537197030
1456544397030 1456551597030
1456558797030 1456565997030
1456569597030 1456573197030
1456580397030 1456598397030
1456601997030 1456619997030
1456623597030 1456630797030
1456637997030 1456655997030
1456663197030 1456673997030
1456677597030 1456688397030
1456695597030 1456702797030
1456709997030 1456720797030
1456724397030 1456731597030
1456735197030 1456756797030
1456760397030 1456781997030
1456785597030 1456792797030
1456796397030 1456807197030
1456810797030 1456825197030
1456832397030 1456843197030
1456850397030 1456871997030
1456875597030 1456893597030
1456900797030 1456915197030
1456922397030 1456929597030
1456936797030 1456958397030
1456965597030 1456979997030
1456987197030 1456990797030
1456994397030 1457012397030
1457015997030 1457023197030
1457030397030 1457041197030
1457044797030 1457055597030
1457062797030 1457084397030
1457087997030 1457098797030
1457105997030 1457123997030
1457131197030 1457145597030
1457149197030 1457170797030
1457174397030 1457181597030
1457188797030 1457199597030
1457203197030 1457221197030
1457228397030 1457246397030
1457249997030 1457264397030
1457271597030 1457285997030
1457289597030 1457303997030
1457311197030 1457314797030
1457321997030 1457329197030
1457332797030 1457339997030
1457347197030 1457361597030
1457368797030 1457375997030
