Vol - 77
77
1455997197030 1456004397030
1456011597030 1456018797030
1456025997030 1456029597030
1456033197030 1456036797030
1456043997030 1456051197030
1456054797030 1456058397030
1456061997030 1456069197030
1456076397030 1456083597030
1456087197030 1456090797030
1456094397030 1456101597030
1456105197030 1456115997030
1456119597030 1456133997030
1456137597030 1456144797030
1456151997030 1456162797030
1456169997030 1456173597030
1456180797030 1456198797030
1456205997030 1456227597030
1456231197030 1456249197030
1456256397030 1456274397030
1456281597030 1456285197030
1456292397030 1456310397030
1456313997030 1456317597030
1456324797030 1456335597030
1456342797030 1456346397030
1456349997030 1456357197030
1456364397030 1456367997030
1456371597030 1456385997030
1456389597030 1456396797030
1456400397030 1456407597030
1456414797030 1456429197030
1456432797030 1456436397030
1456439997030 1456450797030
1456454397030 1456461597030
1456468797030 1456472397030
1456479597030 1456501197030
1456508397030 1456522797030
1456526397030 1456547997030
1456555197030 1456576797030
1456583997030 1456591197030
1456594797030 1456601997030
1456605597030 1456619997030
1456623597030 1456634397030
1456641597030 1456648797030
1456652397030 1456663197030
1456670397030 1456688397030
1456691997030 1456699197030
1456706397030 1456720797030
1456727997030 1456742397030
1456749597030 1456753197030
1456756797030 1456767597030
1456774797030 1456792797030
1456799997030 1456814397030
1456817997030 1456825197030
1456832397030 1456853997030
1456857597030 1456868397030
1456875597030 1456897197030
1456900797030 1456922397030
1456929597030 1456947597030
1456954797030 1456969197030
1456976397030 1456983597030
