Vol - 8
8
1455997197014 1456015197014
1456018797014 1456025997014
1456029597014 1456036797014
1456040397014 1456054797014
1456061997014 1456079997014
1456087197014 1456097997014
1456101597014 1456115997014
1456123197014 1456126797014
1456130397014 1456148397014
1456155597014 1456162797014
1456169997014 1456184397014
1456187997014 1456209597014
1456216797014 1456227597014
1456234797014 1456238397014
1456245597014 1456252797014
1456256397014 1456267197014
1456270797014 1456292397014
1456295997014 1456306797014
1456313997014 1456328397014
1456331997014 1456349997014
1456357197014 1456375197014
1456382397014 1456403997014
1456407597014 1456421997014
1456429197014 1456450797014
1456457997014 1456479597014
1456483197014 1456497597014
1456504797014 1456519197014
1456522797014 1456544397014
1456547997014 1456558797014
1456562397014 1456565997014
1456569597014 1456587597014
1456591197014 1456609197014
1456612797014 1456623597014
1456627197014 1456645197014
1456648797014 1456670397014
1456677597014 1456695597014
1456699197014 1456702797014
1456706397014 1456724397014
1456727997014 1456745997014
1456753197014 1456774797014
1456778397014 1456785597014
1456789197014 1456807197014
1456814397014 1456817997014
1456825197014 1456839597014
1456843197014 1456850397014
1456853997014 1456861197014
1456868397014 1456886397014
1456893597014 1456897197014
1456900797014 1456915197014
1456922397014 1456925997014
1456929597014 1456951197014
1456954797014 1456965597014
1456972797014 1456990797014
1456997997014 1457008797014
1457012397014 1457033997014
1457037597014 1457059197014
1457062797014 1457069997014
1457073597014 1457091597014
1457095197014 1457113197014
1457120397014 1457141997014
1457149197014 1457156397014
1457159997014 1457174397014
1457181597014 1457195997014
1457203197014 1457221197014
1457224797014 1457242797014
1457246397014 1457253597014
1457257197014 1457264397014
1457271597014 1457278797014
1457285997014 1457296797014
1457303997014 1457311197014
1457318397014 1457325597014
1457329197014 1457350797014
1457354397014 1457368797014
1457375997014 1457393997014
1457401197014 1457411997014
1457419197014 1457437197014
1457440797014 1457455197014
1457458797014 1457476797014
1457480397014 1457487597014
1457491197014 1457512797014
1457519997014 1457541597014
1457545197014 1457555997014
1457559597014 1457563197014
1457570397014 1457581197014
1457588397014 1457602797014
1457606397014 1457624397014
1457631597014 1457642397014
1457645997014 1457653197014
1457656797014 1457674797014
1457681997014 1457689197014
1457692797014 1457707197014
