Vol - 80
80
1455997197030 1456011597030
1456018797030 1456029597030
1456036797030 1456043997030
1456047597030 1456054797030
1456061997030 1456072797030
1456076397030 1456087197030
1456094397030 1456112397030
1456115997030 1456119597030
1456123197030 1456130397030
1456133997030 1456141197030
1456144797030 1456166397030
1456173597030 1456195197030
1456202397030 1456209597030
1456216797030 1456220397030
1456227597030 1456245597030
1456249197030 1456259997030
1456263597030 1456267197030
1456270797030 1456281597030
1456285197030 1456288797030
1456295997030 1456306797030
1456313997030 1456331997030
1456335597030 1456353597030
1456360797030 1456371597030
1456378797030 1456396797030
1456400397030 1456407597030
1456411197030 1456429197030
1456432797030 1456447197030
1456450797030 1456457997030
1456465197030 1456472397030
1456479597030 1456483197030
1456490397030 1456501197030
1456504797030 1456526397030
