Vol - 86
86
1456000797030 1456022397030
1456025997030 1456036797030
1456040397030 1456058397030
1456065597030 1456072797030
1456076397030 1456087197030
1456090797030 1456097997030
1456101597030 1456119597030
1456123197030 1456141197030
1456144797030 1456159197030
1456162797030 1456166397030
1456173597030 1456191597030
1456195197030 1456202397030
1456205997030 1456213197030
1456220397030 1456238397030
1456245597030 1456263597030
1456267197030 1456288797030
1456292397030 1456310397030
1456313997030 1456321197030
1456328397030 1456331997030
1456339197030 1456360797030
1456364397030 1456382397030
1456385997030 1456389597030
1456396797030 1456418397030
1456425597030 1456447197030
1456454397030 1456461597030
1456468797030 1456472397030
1456479597030 1456486797030
1456493997030 1456515597030
1456519197030 1456526397030
1456533597030 1456547997030
1456551597030 1456565997030
1456569597030 1456580397030
1456583997030 1456587597030
1456594797030 1456601997030
1456609197030 1456616397030
1456623597030 1456641597030
