Vol - 90
90
1456000797030 1456007997030
1456011597030 1456015197030
1456022397030 1456043997030
1456051197030 1456054797030
1456058397030 1456072797030
1456076397030 1456087197030
1456090797030 1456097997030
1456101597030 1456108797030
1456112397030 1456119597030
1456123197030 1456130397030
1456137597030 1456151997030
1456155597030 1456166397030
1456173597030 1456177197030
1456184397030 1456198797030
1456205997030 1456227597030
1456234797030 1456245597030
1456252797030 1456263597030
1456267197030 1456274397030
1456277997030 1456292397030
1456295997030 1456299597030
1456303197030 1456310397030
1456313997030 1456328397030
1456331997030 1456346397030
1456353597030 1456367997030
1456371597030 1456385997030
