Vol - 91
91
1456000797030 1456018797030
1456022397030 1456033197030
1456036797030 1456047597030
1456051197030 1456065597030
1456072797030 1456083597030
1456090797030 1456105197030
1456108797030 1456112397030
1456115997030 1456123197030
1456126797030 1456137597030
1456144797030 1456159197030
1456166397030 1456184397030
1456191597030 1456213197030
1456216797030 1456223997030
1456227597030 1456238397030
1456241997030 1456263597030
1456270797030 1456292397030
1456295997030 1456306797030
1456310397030 1456331997030
1456339197030 1456357197030
1456360797030 1456367997030
1456375197030 1456385997030
1456389597030 1456393197030
1456400397030 1456418397030
